-3.573001176e-02
-2.522541881e-01
-1.348145306e-01
-2.157150060e-01
2.540905476e-01
-1.794841588e-01
-2.782802097e-02
2.310315520e-02
-4.705220927e-03
1.548195374e-03
4.966367781e-02
9.470337071e-03
2.067813836e-02
4.277817309e-01
4.058744013e-02
2.739531100e-01
9.982096404e-02
-3.182651475e-02
-1.458397359e-01
-7.053729147e-02
7.931244373e-02
9.432998300e-02
-1.542789117e-02
2.678645402e-02
1.223876551e-01
1.490546614e-01
1.052622646e-01
2.087942511e-01
4.291518629e-01
-3.234503865e-01
1.999405473e-01
-1.886545867e-01
-2.873325050e-01
1.549914181e-01
1.248826087e-01
2.681031525e-01
1.536799073e-01
1.296758186e-02
-4.752602428e-02
-4.833511412e-01
1.017978042e-01
9.369195905e-04
-1.477872580e-01
1.563107073e-01
-1.630532555e-02
-1.404300928e-01
-1.277628392e-01
-1.772829294e-01
-5.672043562e-02
1.521390527e-01
-5.858282000e-02
4.576102272e-02
-2.454480529e-01
-2.216043472e-01
-1.736072749e-01
1.642983258e-01
7.566215843e-02
-2.827077806e-01
-1.633885950e-01
2.120086849e-01
-2.138037533e-01
-1.910211146e-02
1.384236515e-01
3.141585365e-02
5.433165282e-02
5.563598871e-02
-1.473748982e-01
-2.285716869e-02
-1.536433548e-01
-1.089538354e-02
1.465896145e-02
-4.002187029e-02
1.759572774e-01
-1.466345340e-01
3.756823838e-01
2.952180207e-01
-1.919481307e-01
-1.440947652e-01
1.174974889e-01
6.163791940e-02
1.261057891e-02
-2.643587887e-01
1.013449728e-01
1.939985715e-02
-1.729471534e-01
3.227652609e-01
2.008290440e-01
-1.438437998e-01
-2.297216207e-01
-2.690220475e-01
-5.482476205e-02
-5.510760099e-02
-3.171995878e-01
-2.784676552e-01
2.120324224e-02
-6.784715503e-02
-2.063248903e-01
-2.543874383e-01
3.879381716e-01
-4.857869819e-03
-1.246232986e-01
-1.397188008e-01
1.890339106e-01
1.805142313e-01
-5.941395182e-03
8.895406127e-02
-1.054377556e-01
4.384931326e-01
1.479871273e-01
-2.411035448e-01
-1.724393666e-01
2.149733901e-01
-2.827332541e-02
1.586101353e-01
8.094764315e-03
-3.667023405e-02
1.928979605e-01
1.735749990e-01
-1.692551374e-01
-5.193161592e-02
1.401419789e-01
1.880238205e-01
-2.172807604e-02
-4.828386940e-03
-7.980418205e-02
9.487409145e-02
-9.344585985e-02
-2.566428781e-01
-2.614577413e-01
2.163223028e-01
1.311019361e-01
-2.272942811e-01
1.947148740e-01
2.290171832e-01
-7.646875829e-02
1.494181156e-01
2.906605788e-02
-3.348428309e-01
1.601764262e-01
-1.672918797e-01
5.450100079e-02
1.194806546e-01
-1.758956611e-01
-1.011981443e-01
-4.966406524e-02
-1.478653699e-01
1.457073539e-01
3.399884328e-02
-1.711211652e-01
-1.409692615e-01
1.003625710e-02
1.688093990e-01
6.404282153e-02
-4.672896862e-01
-7.756894082e-02
-2.356861252e-03
-2.705985308e-01
-7.184835523e-02
-1.120070145e-01
1.689374447e-01
4.505788162e-02
-6.906344742e-02
-4.995357394e-01
1.103329211e-01
-1.364607178e-02
-5.342011154e-02
-2.226733565e-01
1.309860647e-01
6.594398618e-02
-3.420560807e-02
-1.694181710e-01
2.479185760e-01
-1.623443067e-01
-4.169357568e-02
1.233144384e-02
-3.074108362e-01
-2.076552361e-01
3.577686250e-01
2.177074701e-01
-1.146584228e-01
-3.203433007e-02
1.080436930e-01
8.208193630e-02
-1.601196826e-01
-2.175434232e-01
1.252151430e-01
1.430760771e-01
1.431967616e-01
1.924329549e-01
-3.103139065e-02
1.562578678e-01
1.225382742e-02
-2.813830078e-01
1.831252426e-01
2.531848252e-01
-7.020808011e-02
8.114530705e-03
-2.427018061e-02
1.595320851e-01
1.406969130e-01
-7.358794659e-02
-1.362797618e-01
-1.864064783e-01
-5.098514259e-03
9.942353517e-02
-6.492248923e-02
-5.677608773e-02
1.935716867e-01
1.762791872e-01
2.277405113e-01
1.514847577e-02
-1.527580172e-01
1.624770463e-01
4.247978926e-01
2.125300840e-02
2.291682512e-01
2.972110361e-02
-2.509268820e-01
2.109237611e-01
-2.434466779e-01
-1.843722016e-01
1.167673524e-02
-1.247410849e-01
2.741950452e-01
-1.848026961e-01
6.855349243e-02
1.552516315e-02
-1.184450462e-02
2.946015447e-02
-1.699050814e-01
1.603748053e-01
2.969192863e-01
-1.458987892e-01
-1.303227153e-02
-2.445401065e-02
1.030549556e-01
-2.269688398e-01
1.285482496e-01
-7.217188179e-02
2.763298750e-01
-2.130442858e-01
1.421714723e-01
1.997077465e-02
9.564653039e-02
2.752698362e-01
-1.966665536e-01
-1.166375261e-02
-9.900896251e-02
-1.624374688e-01
2.954090834e-01
-3.413176835e-01
1.118025035e-01
-2.315497398e-01
1.266465783e-01
3.326908648e-01
-1.111018881e-01
1.658211052e-01
-1.941419840e-01
-8.198052645e-02
3.088924289e-01
6.694132835e-02
2.938788533e-01
-8.721707016e-02
1.359813064e-01
-3.621158302e-01
8.392871916e-02
-2.169930190e-01
-1.165667251e-01
3.100111187e-01
9.971737862e-02
1.259755995e-02
-2.246456891e-01
-1.443704814e-01
-2.553432062e-02
6.431473047e-02
-4.782031104e-02
1.124025360e-01
-1.503712237e-01
3.806073591e-02
1.661285460e-01
-5.584281310e-02
3.067348599e-01
2.649531066e-01
6.767635047e-02
2.356811464e-01
1.545522511e-01
-1.197124720e-01
-4.747315869e-02
4.512007814e-03
1.312913448e-01
-2.867696621e-02
1.306151003e-01
1.439146250e-01
-7.630456821e-04
-4.736877084e-01
5.398460105e-02
-2.393870614e-02
1.351837963e-01
1.006622836e-01
4.029580057e-01
1.535606682e-01
8.714276552e-02
4.146987200e-02
-2.488805950e-01
-3.348448873e-01
-1.716540456e-01
1.307605356e-01
1.640634090e-01
1.589569598e-01
-1.201616377e-01
2.335253172e-02
3.322273120e-02
-1.299039423e-01
-8.739094436e-02
-2.023853064e-01
-1.845850945e-01
9.746579081e-02
-2.278167009e-01
-2.040901780e-01
3.329097107e-02
-2.474741638e-01
-8.130986243e-02
-1.286022644e-02
6.101721525e-02
-6.840138137e-02
1.264789551e-01
1.444181204e-01
2.715650946e-02
2.880902588e-01
3.591594398e-01
5.103150383e-02
1.252008229e-01
1.903624833e-01
8.164680749e-02
1.034729332e-01
1.668807268e-01
-1.508161277e-01
3.575839475e-02
-2.590861619e-01
-2.963281572e-01
1.077062637e-02
7.293676957e-03
-5.235976353e-02
-1.950684041e-01
3.616169989e-01
-1.003506780e-01
2.147263288e-01
-6.650392711e-02
-2.931905985e-01
1.738127619e-01
-1.964335144e-01
-9.060087055e-02
-4.778438210e-01
-3.314133883e-01
-2.752556838e-02
-3.104679286e-01
-5.115005746e-02
1.179161295e-01
-5.921418592e-02
-3.860594705e-02
1.070559770e-01
2.304011732e-01
2.108817697e-01
-6.794361025e-02
2.551703751e-01
-1.709519029e-01
1.472474933e-01
1.313050240e-01
1.903649867e-01
3.290472552e-02
-1.352881789e-01
-2.509838641e-01
-4.097976536e-02
-2.358236760e-01
-2.415425703e-02
8.448080719e-02
1.600441486e-01
-7.916448265e-02
7.026723772e-02
-2.557047307e-01
-7.771979272e-02
-8.159683086e-03
3.366473690e-02
5.655972287e-02
3.754532337e-01
2.474230230e-01
7.384583354e-02
-5.023981631e-02
-7.829131931e-02
1.895589828e-01
1.230050623e-02
2.029550821e-02
2.079877816e-02
-7.396091521e-02
3.153288364e-02
6.426772475e-02
1.816355586e-01
-4.164319336e-01
2.541323602e-01
-1.747269556e-02
1.718626730e-02
2.656673081e-02
2.506556213e-01
-4.164747894e-02
1.738660932e-01
-4.953023046e-02
-2.045203149e-01
-1.949876845e-01
3.700154126e-01
9.218481928e-02
1.340115964e-01
3.310202658e-01
7.420347631e-02
-4.721173272e-02
-7.821413875e-02
-3.753889760e-04
-7.176894695e-02
1.145652905e-01
-1.724817231e-02
2.145403177e-01
9.815941751e-02
2.820352316e-01
-2.397475019e-02
-1.568792313e-01
3.532563895e-02
-4.617172107e-02
-2.048275247e-02
-6.502528489e-02
-1.857247762e-02
-6.678835303e-02
-3.754682541e-01
1.536400765e-01
-3.514032811e-02
3.075309098e-01
-4.423231483e-01
-2.075353265e-01
-1.887830645e-01
-1.519652158e-01
-1.466939896e-01
4.669239372e-02
-1.507504731e-01
-2.688515186e-01
1.194133013e-01
1.274522543e-01
-7.759425044e-02
-2.588662803e-01
-1.433475316e-01
8.697689325e-02
-4.733065516e-02
1.893509477e-01
1.471073031e-01
2.128566951e-01
3.058741800e-02
8.887778223e-02
1.077958941e-01
1.783064604e-01
-1.469527930e-01
3.653886616e-01
-9.847957641e-03
-1.731633395e-01
-2.239464968e-01
2.056842148e-01
2.486992627e-01
-4.034058750e-01
-1.741929213e-03
1.173502281e-01
-9.367127717e-02
-1.174708232e-01
-9.736616910e-02
1.609914750e-01
-1.453633606e-01
1.250098944e-01
-3.840718418e-03
-1.281539798e-01
-2.753732353e-02
-2.821447849e-01
1.658651382e-01
-2.128543258e-01
-1.909263283e-01
-1.609341800e-01
2.239685953e-01
-1.966233552e-01
-3.604830801e-02
-1.418410391e-01
1.386886090e-01
1.122107357e-02
-1.963766515e-01
-4.023912922e-02
-5.950866267e-02
3.436641395e-01
-6.910976022e-02
1.874084920e-01
2.278307378e-01
-8.961255662e-03
6.071058661e-02
-4.926768541e-01
-8.194561303e-02
-2.029471546e-01
6.666392088e-02
1.887215972e-01
2.005334944e-01
-9.204910696e-02
1.296522766e-01
2.152089030e-01
9.546479583e-02
-3.434568942e-01
-8.378434926e-03
-8.601393551e-02
-3.095180541e-02
1.132246293e-02
-8.742116392e-02
-1.649859697e-01
-1.101459842e-02
1.351243407e-01
-1.355524510e-01
-2.991235442e-02
-6.391877681e-02
-2.913820446e-01
-2.425794154e-01
1.668286175e-01
-5.425556004e-02
-4.174711648e-03
1.504271030e-01
2.641482055e-01
1.048751473e-01
1.072888449e-01
-8.373588324e-02
6.946431100e-02
2.879889607e-01
3.941888809e-01
1.902145594e-01
3.063635342e-02
1.928828806e-01
-3.467694223e-01
-5.171728134e-02
2.697800286e-02
-3.400197327e-01
-1.767822206e-01
-5.929277465e-02
1.633441001e-01
8.918448538e-02
2.124774083e-02
-1.556444913e-01
1.048043668e-01
6.199314445e-02
1.865050010e-02
4.772786424e-02
2.235540748e-01
1.518766284e-01
1.530274302e-01
2.479440123e-01
4.531611875e-02
4.175649956e-02
-1.788050234e-01
-2.640807331e-01
2.659969032e-01
-1.184230596e-01
-3.250254667e-04
7.188507169e-02
1.837228388e-01
1.250438094e-01
-1.349126995e-01
-1.131007299e-01
1.911055595e-01
3.898450136e-01
-5.829290301e-02
-1.322654784e-01
1.624349803e-01
2.666003630e-02
1.523306966e-01
4.455125630e-01
1.095862761e-01
-4.585083202e-02
-1.259648353e-01
-2.673377097e-01
1.165089849e-02
1.349520832e-01
1.062206551e-01
2.079195157e-02
3.796401620e-02
1.699630469e-01
-4.807928205e-02
-1.364758164e-01
6.582010537e-02
-2.726938426e-01
1.451362073e-01
-1.166952550e-01
1.977465153e-01
1.875970215e-01
9.315636009e-02
2.577724457e-01
3.888497502e-02
2.788079381e-01
1.429727226e-01
6.635486148e-03
-1.153847650e-01
1.011095941e-01
7.354983687e-02
-7.705620676e-02
2.745158970e-01
5.532357469e-02
-1.929397434e-01
-1.920285970e-01
-2.673941255e-01
4.176526666e-01
-1.765638143e-01
3.004541397e-01
3.863776475e-02
-7.580760866e-02
-1.290618777e-01
1.921017617e-01
6.284321100e-02
-8.807428181e-02
-3.092195392e-01
-1.025698334e-01
2.656794488e-01
-4.064674973e-01
-2.947852202e-02
8.325341344e-02
-1.694938689e-01
-1.069357842e-01
-9.437918663e-02
1.216021255e-01
-3.299646080e-02
-4.437015392e-03
1.456733942e-01
-2.613540888e-01
-8.165614307e-02
8.357809484e-02
2.147349566e-01
2.213661224e-01
4.516503960e-02
-2.871620357e-01
1.645966023e-01
3.350633383e-01
-2.127863234e-03
-2.730855942e-01
1.051181369e-02
1.093963832e-01
7.394701242e-02
-7.511784788e-03
9.631677717e-02
5.416523293e-02
-2.056121826e-02
5.728068352e-01
-7.248114049e-02
-1.361385584e-01
1.108870357e-01
1.574741751e-01
6.254766881e-02
-1.146775261e-01
2.440406084e-01
-2.219482139e-02
2.334516943e-01
1.649376936e-02
-1.034100652e-01
2.286015600e-01
-2.964862809e-02
-4.024983346e-01
-4.572506249e-02
-4.112479463e-02
-2.173916548e-01
-3.174925223e-02
8.832772076e-02
2.228847146e-01
-3.197989613e-02
1.495814770e-01
2.923914790e-01
4.436793551e-02
-1.063025668e-01
2.428901941e-02
9.123611450e-02
2.296923101e-01
5.990188196e-02
-2.617719769e-01
-7.300991565e-02
-1.000122726e-01
8.667712659e-02
1.292442232e-01
3.197151124e-01
-1.714279950e-01
6.657746155e-03
-7.528849691e-02
-1.440911442e-01
-1.346542686e-01
-5.410687625e-02
2.333504409e-01
-2.531023882e-02
-3.819037676e-01
-1.097452343e-01
2.808951735e-01
-8.336093277e-03
-2.502099574e-01
2.403467298e-01
-1.568197757e-01
1.592999846e-01
-1.372683644e-01
-1.919493973e-01
-2.225161493e-01
-1.902370602e-01
8.924433030e-03
1.596433073e-01
-1.286882460e-01
-1.030659750e-01
-2.763552070e-01
-1.745319366e-02
2.088630199e-02
1.406831294e-01
1.616201401e-01
-1.033065394e-01
1.396877915e-01
2.468224019e-01
-3.564880043e-02
5.771243200e-02
2.668038905e-01
4.148976877e-02
-3.344770521e-04
1.701133698e-01
-7.921331376e-02
7.119195908e-02
-1.533031911e-01
2.808656693e-01
3.002774119e-01
4.354834855e-01
-2.272380330e-02
2.781020403e-01
1.579086483e-01
-1.980495006e-01
-2.171164565e-02
1.002914533e-01
-5.826716870e-02
1.105035245e-01
-4.919981211e-02
1.530501153e-02
-7.151383907e-02
-3.315995336e-01
2.037203014e-01
1.322880480e-02
2.272362076e-02
-8.288249373e-02
-1.788316816e-01
-9.002234787e-02
2.798993289e-01
-1.720971465e-01
-3.000763357e-01
-3.317887783e-01
-1.715502888e-01
-1.669526286e-02
-8.611382544e-02
5.053751543e-02
-2.174703330e-01
-1.105777323e-01
9.997300804e-02
-7.605701685e-02
-6.665277481e-02
-4.396194220e-02
4.028069377e-01
-1.604744419e-02
3.747486696e-02
-3.607430682e-02
-1.445686370e-01
-1.353607029e-01
-5.110485852e-02
6.342961639e-02
1.660892218e-01
-1.161034703e-01
-2.315362841e-01
4.191174507e-01
-2.170109302e-01
-1.187650114e-02
6.180454418e-02
4.296284541e-02
-2.257692069e-01
-5.342943221e-02
-1.352480948e-01
3.091554344e-01
1.489695907e-01
-1.122194454e-01
1.552552683e-03
-9.272032231e-02
1.559362113e-01
-1.240873784e-01
-3.476271927e-01
1.481684893e-01
2.169131339e-01
1.569751203e-01
3.730413616e-01
8.093438298e-02
-5.012826994e-02
-8.966866881e-02
2.004936337e-01
2.551408857e-02
2.626562715e-01
-1.771983653e-01
-6.881124526e-02
-2.025779635e-01
8.167958260e-02
3.422815204e-01
-1.212997139e-01
3.104543721e-04
-1.791182756e-01
-3.298754394e-01
2.850910425e-01
-1.971335858e-01
5.316308513e-02
-3.102729619e-01
1.986785084e-01
-1.514734775e-01
1.398778409e-01
1.097023711e-01
9.419143200e-02
-2.473314255e-01
-2.066601366e-01
-1.972028911e-01
2.736280300e-02
-4.336219653e-02
3.086772561e-01
-2.185043879e-02
6.253363565e-03
-6.552992761e-02
5.458261818e-02
-1.111137718e-01
1.231064647e-01
-2.605129406e-02
-1.190039814e-01
-2.968245447e-01
2.785091102e-02
-1.523618698e-01
9.359944612e-02
-8.314358443e-02
-3.893396631e-02
-3.418738246e-01
-2.041285113e-02
-1.933640838e-01
-1.924062818e-01
-2.220818102e-01
1.713459939e-01
-1.521719526e-02
8.840148151e-02
-5.405836925e-02
-2.493699342e-01
1.149698123e-01
1.773343422e-02
1.917168796e-01
6.388936937e-02
2.341773063e-01
-6.239350140e-02
-9.912122041e-03
-1.489967406e-01
-2.280612588e-01
-5.782660246e-01
1.073957682e-01
1.203414127e-01
-5.831126124e-02
-8.221682161e-02
1.823988557e-01
1.156625003e-01
-2.616641857e-02
-2.296191826e-02
1.461301744e-01
7.480929792e-02
-2.972352803e-01
-1.364237070e-01
1.832772046e-01
1.166033596e-01
-3.893987834e-01
2.095841467e-01
2.631039023e-01
1.447183173e-02
3.995658755e-01
2.027446330e-01
9.412169456e-02
-3.169095889e-02
1.326708030e-02
1.921054572e-01
-2.970230579e-02
-5.926795304e-02
-3.501286730e-02
2.084597945e-01
-1.447430812e-02
-1.280971467e-01
-5.172321200e-02
6.024756283e-02
3.757238090e-01
6.098773330e-02
1.125726197e-02
1.123777404e-01
-2.149124816e-02
-2.322269604e-03
2.726618350e-01
-1.599501669e-01
-1.462214440e-01
-1.399266422e-01
3.818417341e-02
-3.173289299e-01
-2.359837480e-02
9.096399695e-02
-2.159181535e-01
-1.755843461e-01
2.440922335e-02
-3.297124505e-01
-2.128829248e-02
-1.397742704e-02
2.348157391e-02
-8.833280206e-02
1.762221605e-01
1.990329288e-02
6.730096042e-02
2.955119126e-02
-1.887724102e-01
-1.613574475e-01
1.523327082e-01
-1.467000693e-01
1.672555655e-01
2.247999012e-01
-4.399940372e-01
2.210086398e-02
-1.042480320e-01
3.756550550e-01
-1.297240257e-01
-1.386225373e-01
-1.459644586e-01
-7.878121734e-02
-1.245353520e-01
-1.543931514e-01
-6.185368076e-02
2.072595060e-01
2.800956666e-01
-2.938813530e-02
-3.237239271e-02
-1.777124107e-01
-7.888434827e-02
1.487670392e-01
-2.688532472e-01
-1.104985252e-01
1.001580134e-01
3.865874186e-02
-4.893252254e-01
-1.008396298e-01
-9.381699562e-02
-2.243796736e-02
-3.394014537e-01
-9.392756224e-02
1.551067680e-01
5.130181089e-02
6.418028474e-02
3.803544678e-03
2.532710433e-01
-1.050480641e-02
2.676852643e-01
4.506472126e-02
9.948284924e-02
-3.368540481e-02
-1.875177473e-01
5.021709576e-02
6.139637157e-02
3.494480848e-01
7.705251873e-02
-2.093459852e-02
-3.308536410e-01
2.623724639e-01
-1.022717729e-02
8.661900461e-02
-1.286266446e-01
-6.761470437e-02
-1.935694069e-01
1.888735592e-01
3.190343976e-01
1.878424138e-01
2.077671438e-01
2.128097862e-01
-9.080591053e-02
-1.940097660e-01
1.021277383e-01
1.751023233e-01
1.224592701e-01
-8.381571621e-02
1.472609937e-01
-9.072535485e-02
4.469221532e-01
3.017567471e-02
-3.149545789e-01
-9.102389216e-02
1.618002951e-01
-2.575684786e-01
-9.072545171e-02
3.763929382e-02
-6.851920392e-03
3.090046346e-02
1.677837223e-01
-1.131226644e-01
1.122786850e-01
-2.634191811e-01
-3.817228228e-02
-1.567375213e-01
-1.484034956e-01
2.875443920e-02
5.476452410e-02
2.994224615e-02
-2.706108987e-01
5.003529042e-02
-3.222163916e-01
2.776009738e-01
-1.781523526e-01
-9.732039645e-03
4.395974874e-01
3.876510635e-02
1.364507228e-01
-3.083544597e-02
5.863977969e-02
5.767652020e-02
-9.640272707e-02
-5.492906645e-02
-2.182135172e-02
1.758659780e-01
-5.835871026e-02
2.127031982e-01
-1.919096708e-01
1.797167957e-01
2.145233750e-01
-3.484541774e-01
-6.333170831e-02
1.661410481e-01
-8.808273822e-02
7.069037110e-02
-7.711114734e-02
-2.173002064e-01
-2.035256289e-02
-9.434882551e-02
-4.802390188e-02
1.526708454e-01
-4.301610868e-03
-3.356961310e-01
-3.779342026e-02
-1.504335105e-01
1.245803107e-02
1.915851086e-01
2.100706846e-01
-2.973913550e-01
7.723328192e-03
8.220750839e-02
5.686329678e-02
-3.185651898e-01
2.312166542e-01
-6.478407234e-02
3.298792839e-01
-6.522416323e-02
1.916856468e-01
4.320925474e-02
2.451049685e-01
-3.341621161e-01
9.907799959e-02
-2.402011752e-01
3.852593899e-02
-7.007668167e-02
-1.848769337e-01
1.605818570e-01
2.515161633e-01
2.858306689e-04
-6.548742298e-03
3.445880413e-01
-1.201046556e-01
-1.742919208e-03
1.633297056e-01
-1.564724930e-02
1.873494238e-01
-1.637837589e-01
-3.634448722e-02
-1.307738130e-03
1.632561088e-01
4.473154992e-02
7.594317198e-02
3.273779526e-02
1.637212485e-01
-1.783758700e-01
-1.454760581e-01
-3.412581980e-02
3.434737921e-01
-2.521561226e-03
-3.569505513e-01
6.522563100e-02
-4.484455287e-01
2.780551440e-04
-2.379725128e-01
-9.117670357e-02
-7.377757877e-02
6.816956401e-02
-2.129378319e-01
-9.535337798e-03
-1.940611452e-01
3.863714263e-02
-2.146992385e-01
-2.572133578e-02
-1.541507803e-02
-4.909174889e-02
3.493357599e-01
-2.140529826e-02
1.255407631e-01
2.200052738e-01
2.745546214e-02
-1.074665636e-01
-2.170295417e-01
-1.601298749e-01
-1.754417568e-01
-4.602904618e-02
7.934475690e-02
-2.434301525e-01
2.495766729e-01
9.130574763e-02
8.934140950e-02
-3.325422704e-01
3.486942649e-01
9.630806744e-02
-3.249086738e-01
-8.910793066e-02
2.420969903e-01
1.864871010e-02
1.781310141e-01
1.255659014e-01
3.435023129e-02
1.350783706e-01
7.360273600e-02
7.869583555e-03
2.199377567e-01
-1.760983616e-01
-2.407028675e-01
-6.661898643e-02
6.566695124e-02
-8.270200342e-02
4.150586203e-02
5.512461439e-02
6.929217279e-02
-1.007150114e-01
-2.858356237e-01
3.386373445e-02
2.443018407e-01
-2.707143724e-01
2.084054351e-01
-2.040686309e-01
2.340718806e-01
-2.551599406e-02
-1.323959231e-02
-4.282835722e-01
1.048950199e-02
-5.865798518e-02
3.977787215e-03
-5.296771228e-02
-4.147417843e-02
-4.590699673e-01
1.927118152e-01
3.536269441e-02
8.058048040e-02
-1.457892656e-01
-9.781600535e-02
1.365076751e-01
-1.540241204e-02
-6.913841516e-02
7.823820412e-02
3.090287745e-02
-2.291495949e-01
2.049765587e-01
1.882786304e-01
-8.235136978e-03
-6.909394264e-02
-1.190122515e-01
-2.043215930e-02
6.731860340e-02
-2.743667066e-01
1.270844191e-01
-1.101152152e-01
1.480850726e-01
-1.949563473e-01
-1.261317432e-01
-1.811781526e-01
-1.363406777e-01
-2.076750100e-01
3.254047036e-02
-3.632211685e-02
1.684678793e-01
-3.922059238e-01
1.419115663e-01
-5.364105850e-02
3.163795471e-01
4.504230917e-01
8.210199326e-02
-1.138732135e-01
-2.560171485e-01
2.484396100e-01
2.746071815e-01
6.077008322e-02
-1.014046595e-01
-6.989068538e-02
-2.728824914e-01
1.911520213e-02
-4.365807474e-01
-5.570165813e-03
-6.034156308e-02
6.874431670e-02
3.169075251e-01
1.811664402e-01
-1.709914058e-01
8.241874725e-02
2.802372873e-01
2.950381115e-02
3.047866188e-02
1.117125899e-01
-7.624317706e-02
-1.809403598e-01
1.126846820e-01
-3.092214838e-02
5.013097450e-02
4.528014362e-02
-1.463795155e-01
-8.599187434e-02
-7.024767110e-04
-3.704564571e-01
2.467185110e-01
2.260820009e-02
-5.133953318e-02
2.222872227e-01
2.418530732e-01
4.365639389e-02
6.919854134e-02
1.392587870e-01
-1.701531410e-01
1.355545074e-01
-1.580112725e-01
-4.633234348e-03
7.082744688e-02
2.658526599e-01
-1.678491086e-01
-9.338522702e-02
1.465534121e-01
4.656320810e-01
2.873781621e-01
2.021085024e-01
1.017780155e-01
-1.985514760e-01
-1.357891113e-01
6.315125525e-02
6.369830668e-02
7.535198703e-03
-9.734445810e-02
5.823834334e-03
2.243910283e-01
-3.082410395e-01
-1.432502419e-01
-6.037206948e-02
-9.037649632e-02
1.144878715e-01
-2.319235355e-01
2.057802528e-01
7.244984806e-02
-2.014871687e-01
1.079058200e-01
-9.008698910e-02
-1.177699417e-01
7.513775676e-02
-1.604386568e-01
-2.139890492e-01
2.346505523e-01
7.201789320e-02
-2.311845422e-01
-2.030049860e-01
-3.339559734e-01
7.852829993e-02
-1.924430579e-01
-3.202784657e-01
1.064348668e-01
-6.157916039e-02
-5.470474064e-02
6.838972121e-02
-3.645977378e-01
1.115801856e-01
-1.646526009e-01
-1.391490698e-01
-4.083908349e-02
4.350357503e-02
-1.862830073e-01
2.466185689e-01
2.493351232e-03
-1.228967533e-01
3.371994477e-03
1.070385948e-01
-2.831492126e-01
-1.057721227e-01
5.525395740e-03
1.473973598e-02
5.187848583e-02
-9.247241914e-02
1.037465557e-01
-1.110759154e-01
6.862003356e-02
-6.076315045e-02
1.171133816e-01
-6.121197343e-02
3.794989586e-01
-1.009501740e-01
-5.801826343e-02
-1.663235575e-01
-7.895307243e-02
-1.667819470e-01
-6.073731557e-02
2.968195081e-01
4.354760945e-01
2.284413725e-01
9.158079326e-02
-2.084193528e-01
-1.342298388e-01
-3.734517097e-01
9.104455262e-02
-2.260559946e-01
-9.680125117e-02
2.233208567e-01
-9.283839911e-02
-5.962416157e-02
-3.913086951e-01
-1.011495758e-02
-1.334832162e-01
-1.105810106e-01
1.105169952e-01
6.695054471e-02
-1.116868034e-01
-3.742634058e-01
2.448056042e-01
2.568167448e-01
8.578844368e-02
-2.314873934e-01
1.549991518e-01
-2.165271491e-01
-6.302782893e-02
2.594346106e-01
7.179122418e-02
4.632776603e-02
2.070328295e-01
-2.630134523e-01
1.612436920e-01
-1.243204325e-01
-1.120369881e-01
8.088243753e-02
1.314523518e-01
-1.434696764e-01
1.493990272e-01
8.354233205e-02
2.412247360e-01
2.139396220e-01
-3.504084423e-02
-1.671573669e-01
-1.383551806e-01
2.457976788e-01
-2.105317712e-01
-2.654448748e-01
1.981082745e-02
-1.190959737e-01
1.195210740e-01
3.980927169e-02
1.223494038e-01
6.965222210e-02
3.810432553e-02
6.183451624e-04
1.691497564e-01
9.825022519e-02
-7.892639190e-02
-3.469420373e-01
-3.330025673e-01
-8.786131442e-02
-1.278630346e-01
3.124330640e-01
-1.083195359e-01
-3.087481856e-02
-1.049579084e-01
-2.003078759e-01
-2.379358560e-01
-2.184167206e-01
-5.393352732e-02
-2.287307978e-01
1.485985145e-02
2.552709579e-01
1.569512486e-01
-2.487204522e-01
2.969190478e-01
-1.183265969e-01
1.460603774e-01
4.388005137e-01
4.044004902e-02
1.353384182e-02
7.328853011e-02
3.107929230e-01
9.337283671e-02
8.095535636e-02
8.787005395e-02
1.462896317e-01
-2.226313576e-02
-1.232974604e-01
1.988912076e-01
1.317199767e-01
-2.550897896e-01
-6.808207184e-02
-1.935669929e-01
-1.522996128e-01
9.198400378e-02
-3.234218061e-01
3.923619166e-02
7.750260644e-03
1.668054760e-01
-5.988307297e-02
8.977953345e-02
-1.636914462e-01
9.098508954e-02
-2.225306779e-01
3.776713833e-02
-1.559514832e-02
-1.394685954e-01
-8.396441489e-02
-2.862157524e-01
2.652179301e-01
1.828963459e-01
-3.383104801e-01
2.582540512e-01
-1.112635508e-01
-5.091730505e-02
1.765384078e-01
-3.218084872e-01
7.392576337e-02
-5.947999284e-02
3.027196601e-02
1.415995210e-01
2.274000794e-01
1.035790890e-01
4.407087713e-02
-2.639786005e-01
-4.023682177e-01
-1.562175900e-01
7.999339700e-02
-4.236359522e-02
1.606365144e-01
9.157830477e-02
5.500887334e-02
-4.148147628e-02
8.133938536e-04
-1.715319455e-01
6.938181352e-03
1.490867436e-01
1.889992952e-01
-5.519986618e-03
-1.026240513e-01
-2.628531456e-01
-1.011726856e-01
2.162102982e-02
-3.118224144e-01
-4.939194769e-02
7.830772549e-02
-2.403753102e-01
2.116263062e-01
-4.449456632e-01
-1.010558978e-01
1.264279783e-01
6.979383528e-02
3.854832798e-02
4.142496362e-02
-1.135607362e-01
-2.842757404e-01
2.221892625e-01
-3.025225997e-01
1.396709830e-01
2.018950880e-01
-2.679412365e-01
-2.976416238e-02
8.966530859e-02
7.563778013e-02
-1.374480594e-02
-1.058569178e-02
2.947071195e-01
2.287617475e-01
-1.093388721e-01
-1.188612878e-01
1.902966946e-01
8.415033668e-02
-3.776724041e-01
-1.226266026e-01
-7.338932902e-02
2.291006297e-01
2.074462473e-01
2.493598759e-01
1.127815917e-01
-1.683077402e-02
-1.492733806e-01
-2.173626870e-01
8.912575245e-02
1.405215263e-01
8.919794112e-02
-7.542834152e-03
-3.864908218e-01
-1.453975439e-01
6.191299111e-02
1.144020781e-01
-1.810174435e-01
-2.649766505e-01
-4.754029214e-02
1.122174435e-03
9.564422816e-02
-9.251334518e-02
-4.578875005e-02
-1.999039203e-01
3.074190915e-01
2.402993590e-01
-1.623378694e-02
-2.566422895e-02
1.369911879e-01
7.810324430e-02
1.064588875e-01
2.955091000e-01
4.558350146e-02
1.002119482e-01
2.094629109e-01
2.597427368e-01
2.316759676e-01
1.146510914e-01
9.062756598e-02
1.421454698e-01
-2.696226537e-02
3.359631598e-01
2.586253360e-02
-8.717960119e-02
-8.943199366e-02
-3.474370837e-01
-2.080843598e-01
2.972797751e-01
3.566086292e-02
1.881152093e-01
7.244304568e-02
3.732001781e-02
1.150877252e-01
7.141990215e-02
-1.912522316e-01
1.553307027e-01
8.539897203e-02
-1.682203114e-01
-2.117088735e-01
-1.355082691e-01
-7.054957002e-02
-4.486467224e-03
-1.324394047e-01
3.058469892e-01
2.048976123e-01
-2.652058899e-01
2.668291032e-01
3.032757640e-01
-6.032648962e-03
-3.407388628e-01
4.595262930e-02
-1.108051240e-01
1.149403155e-01
-1.144384686e-02
-1.737480909e-01
2.256145328e-01
-2.651212551e-02
-5.266429391e-03
-9.982910007e-03
2.829360068e-01
-1.019923463e-01
2.486967593e-01
8.744108677e-02
3.747942671e-02
-2.774390578e-01
-1.613781415e-02
-6.965713203e-02
2.010527104e-01
5.883996934e-02
1.223262101e-01
-3.885319233e-01
-1.142301187e-01
8.898367733e-02
-1.374298930e-01
3.141380847e-02
7.818707824e-02
3.687299192e-01
5.105938017e-02
1.820272207e-02
8.570278436e-02
6.186369434e-02
1.054488271e-01
-2.117326111e-01
-1.866879463e-01
-1.299724430e-01
-3.183283806e-01
-1.211334094e-01
-6.287404895e-02
8.286517113e-02
-1.675377786e-01
-1.009176373e-01
-3.378660679e-01
-1.827183068e-01
1.996864080e-01
2.520971932e-02
3.230864704e-01
-7.157240808e-02
1.149053052e-01
2.033403516e-01
9.332101047e-02
5.381115153e-02
-8.126400411e-02
-3.316429257e-01
-9.113045037e-02
1.238210052e-01
-1.171689760e-02
2.273646295e-01
4.738634080e-02
1.996013671e-01
3.273409605e-01
-7.047589123e-02
2.031629235e-01
1.806244254e-01
-1.045282632e-01
-9.012825787e-02
-3.236142993e-01
-1.634363532e-01
2.437177002e-01
-1.347100288e-01
2.278350741e-01
1.014074460e-01
1.796571724e-02
8.257067949e-02
1.136408523e-01
3.455701843e-02
-9.790270030e-02
-4.475805908e-02
-3.352149725e-01
1.294170767e-01
1.230531782e-01
2.350637913e-01
2.331587374e-01
-1.696041203e-03
-1.120584905e-01
3.841806352e-01
2.613613605e-01
-4.740113020e-01
7.620953768e-02
1.205832958e-01
-7.601109892e-02
2.851499617e-01
3.235228360e-02
-1.648287624e-01
-2.775909193e-02
8.250694722e-02
2.009066194e-02
-4.756878316e-02
-9.064290673e-02
6.573772430e-02
3.757815957e-01
-2.088988870e-01
4.830373824e-02
-2.021692991e-01
1.019718274e-01
-1.048591360e-01
-2.616776824e-01
-1.332527585e-02
-6.384519488e-02
6.039306521e-02
-9.842272848e-02
1.108296961e-01
-1.371669471e-01
-1.015056595e-01
1.072408333e-01
5.880729482e-02
1.853853315e-01
3.762052208e-02
6.165512279e-02
2.453182638e-01
2.761228681e-01
1.115815341e-02
-1.152122915e-01
-1.813244075e-01
5.419608951e-02
1.044452488e-01
1.403198391e-01
-3.964385390e-01
-1.753092557e-01
1.990875006e-01
-1.333032995e-01
-4.825894535e-02
1.703898162e-01
-1.217133552e-01
-2.816940658e-02
-2.902144790e-01
-1.870685667e-01
3.022812009e-01
-1.789423376e-01
-3.817597926e-01
-1.821041107e-01
1.144939810e-01
-1.013759226e-01
3.072291613e-02
1.870537177e-02
-4.720769450e-02
-4.906329792e-03
3.464551568e-01
-3.914686665e-02
-1.093174294e-01
2.019799128e-02
2.737180889e-01
1.397909224e-01
-3.355410099e-01
6.206381693e-02
-5.298776552e-02
3.988783434e-02
-1.356997620e-02
1.740025878e-01
1.103450134e-01
-8.640670031e-02
-2.922185659e-01
1.483371854e-01
1.898597926e-01
-2.137091905e-01
1.316403002e-01
3.652031347e-02
2.576050162e-01
4.041376337e-02
-1.278539002e-01
8.886456490e-02
-1.086529437e-02
-1.054600775e-01
-1.783020049e-01
9.693641216e-02
-3.921608627e-01
8.762905747e-02
-2.873728573e-01
-6.464595348e-02
1.539937109e-01
1.439398341e-02
2.582462505e-02
9.796760976e-02
1.237380132e-01
1.904577762e-01
-3.489471599e-02
1.803121418e-01
1.921281964e-01
-1.837834902e-02
1.611425728e-01
-4.176442623e-01
-7.018043846e-02
-1.292938739e-01
-1.050714105e-01
-2.744796872e-01
1.066555604e-01
-1.452046633e-01
2.143806592e-02
7.679129392e-02
-3.896858310e-03
-2.831730992e-03
-2.095579803e-01
-3.472101092e-01
-5.817518383e-02
-1.048084348e-01
1.348892041e-02
3.312304243e-02
-4.035782814e-02
2.718319893e-01
4.563911259e-01
1.790570021e-01
1.363522257e-03
5.460421368e-02
-3.792569637e-01
-4.264090955e-02
-5.622344837e-02
-9.143110365e-02
1.089465320e-01
2.987206876e-01
-4.584461823e-02
1.960458234e-02
8.167302236e-03
2.691439986e-01
1.287800968e-01
4.007599130e-02
-3.693719581e-02
-1.167055592e-01
7.068153471e-02
-1.205133833e-02
2.430896461e-01
-1.829443616e-03
-2.288805544e-01
-3.272793815e-02
-5.909511819e-02
-2.110048197e-02
-9.525366873e-02
-1.180378944e-01
-1.912638098e-01
-1.056770515e-02
5.967314541e-02
-5.691626072e-01
-9.503187239e-02
-3.357117474e-01
-1.064697430e-01
1.695320308e-01
-4.765867293e-01
2.166461386e-02
-2.140534520e-01
4.375579953e-01
3.364863396e-01
-1.291874498e-01
-4.366217554e-02
-2.676421404e-02
7.737378776e-02
-1.085591242e-01
-1.169070974e-01
1.851603389e-02
-1.636741757e-01
1.790820658e-01
-8.641196787e-02
1.187480148e-02
1.277479380e-01
8.054365963e-02
5.322449654e-02
1.033363491e-01
7.261001319e-02
-5.434798077e-02
-2.577106841e-02
2.346829325e-01
-1.560498029e-01
1.388827860e-01
3.180253804e-01
6.278837472e-02
6.898993254e-02
-1.024298221e-01
1.110987142e-01
-1.717816591e-01
2.293627113e-01
-4.518397897e-02
-8.734989166e-02
-8.754976094e-02
2.752672434e-01
3.061010540e-01
4.336937331e-03
1.402926147e-01
1.496760398e-01
2.743358612e-01
-2.135487646e-01
1.509372890e-01
-1.529014558e-01
2.514955215e-02
2.914879620e-01
2.310968041e-01
9.397820383e-02
-4.865675792e-02
-8.500230312e-02
-1.806830615e-01
6.006922200e-02
-1.888161004e-01
-2.535041571e-01
-1.001189202e-01
-9.298858792e-02
-6.855189055e-02
7.277375460e-02
2.695552632e-02
-4.110389352e-01
1.328991055e-01
6.806846708e-02
-2.409136295e-01
-7.619731873e-02
-2.870119214e-01
1.202325970e-01
9.125543386e-02
-1.211300343e-01
2.019413859e-01
-3.580760062e-01
6.290289760e-02
-2.827106714e-01
2.120056748e-01
8.136714995e-02
-1.799462587e-01
1.923197508e-01
5.162472650e-02
-2.919528633e-02
-2.587885857e-01
2.524360120e-01
-1.082126275e-01
1.129818782e-01
-3.128598630e-01
-9.780053794e-02
-9.806887060e-02
-1.323966086e-01
-8.678530157e-02
3.022933304e-01
1.002164185e-01
-3.516836790e-03
1.370590180e-01
2.455931343e-02
-1.274234354e-01
2.720292211e-01
2.739344239e-01
-6.439338904e-03
-1.130510960e-02
-1.616217047e-01
-2.742642164e-01
-7.323626429e-02
-1.779393852e-01
-2.377876788e-01
-8.870301768e-03
2.976866961e-01
1.960919984e-02
-3.118178248e-01
3.236792088e-01
8.195510507e-02
4.169263244e-01
-3.084654547e-02
-8.855801821e-02
8.640536666e-02
-7.238911837e-02
-2.253950806e-03
5.301060528e-02
2.425230443e-01
1.640068740e-01
2.886956558e-02
1.146367341e-01
-1.000475697e-02
7.402187586e-02
7.780969888e-02
-7.512018085e-02
-3.109791689e-02
2.049543709e-01
2.738557160e-01
-3.297605515e-01
2.641339414e-02
-1.595208645e-01
1.522520483e-01
1.246485412e-01
1.458229031e-02
3.462972045e-01
3.027134016e-02
-1.331983414e-02
2.810795903e-01
-1.139489710e-01
-2.379916310e-01
1.170489192e-01
5.168662965e-02
1.945981830e-01
-1.408085674e-01
2.279561311e-01
-1.217602938e-02
3.968863562e-02
-6.354039907e-02
-1.828620136e-01
-8.951210231e-02
2.052997798e-01
7.125172019e-02
-3.489588574e-02
-1.210325956e-01
-1.137676537e-01
-1.719599664e-01
-5.144091323e-02
-4.339020848e-01
1.085129157e-01
2.787937969e-02
-4.138477445e-01
-1.369655728e-01
8.477449417e-02
-2.358245999e-01
7.181379013e-03
1.183600575e-01
4.095752910e-02
-2.196739912e-01
3.644987196e-02
1.370008141e-01
1.509875357e-01
5.315731466e-02
1.612906903e-01
-6.754837185e-02
-2.791467607e-01
2.819152474e-01
3.010499477e-02
-1.292439252e-01
2.045358270e-01
3.372674435e-02
-3.772253394e-01
-8.785030991e-02
-4.524098337e-02
3.087379225e-02
2.738348842e-01
1.157048717e-01
-2.827551961e-01
-1.823079400e-02
-9.221324325e-02
-2.242917269e-01
-8.738199621e-02
1.260666251e-01
2.985128947e-02
-1.431398094e-01
5.639937520e-02
-1.071938872e-01
2.494429611e-02
-2.988013625e-01
-2.105151266e-01
2.672751546e-01
-2.287278026e-01
-1.379248351e-01
2.257196903e-01
1.377198398e-01
5.265269428e-02
-3.944993615e-01
-6.886480749e-02
-2.112153172e-01
8.759018779e-02
-4.044264555e-02
3.529109806e-02
-8.606168628e-02
-1.993539482e-01
2.484035939e-01
1.660228968e-01
1.470296383e-01
-2.258178145e-01
-1.087985784e-01
-1.167444587e-01
-3.694228232e-01
2.691614442e-02
-8.473883569e-02
-6.293383241e-02
1.604466736e-01
2.008311301e-01
7.459564507e-02
-1.327225864e-01
1.187332124e-01
-8.874425292e-02
2.864058912e-01
-1.194393113e-01
2.810323536e-01
4.526161030e-02
-2.269049585e-01
5.533605069e-02
-9.176021814e-02
-2.514719963e-01
-3.615325689e-01
-3.272220120e-02
5.744316429e-02
1.173168346e-01
-5.367349833e-02
-3.740700483e-01
9.354146570e-02
3.761695027e-01
1.788261682e-01
-5.185173079e-02
9.256453812e-02
1.787702143e-01
-5.556039512e-03
-5.718816444e-02
1.224189326e-01
1.642513573e-01
-5.160746351e-02
-1.421855539e-01
-1.507167071e-01
2.052688599e-01
-1.754052565e-02
1.867573559e-01
1.590681374e-01
1.067323610e-01
-1.766064763e-01
3.095649183e-02
-1.623048484e-01
-2.385409176e-01
-3.813035041e-02
2.046779096e-01
-1.851658225e-01
-2.842443287e-01
1.928991526e-01
1.166925207e-01
-2.287315130e-01
-2.077205628e-01
-2.711016312e-02
-3.001857102e-01
1.506073400e-02
-1.108719185e-01
1.560959518e-01
2.504005730e-01
-1.204308420e-01
-8.371557295e-02
4.057372808e-01
8.748074621e-02
9.471806139e-02
-1.228284612e-01
-8.584568650e-02
-1.658527255e-01
3.566969335e-01
-2.153042704e-01
2.561623752e-01
1.431102585e-02
-8.776255883e-03
-8.378247172e-02
-1.023260579e-01
-5.409593135e-02
4.668856412e-02
-1.960038692e-01
2.559556067e-01
-1.101928502e-01
-1.212948933e-01
-3.117335439e-01
1.359485686e-01
-1.556522548e-01
1.597150266e-01
2.191113085e-01
-1.259190738e-01
7.393085957e-02
-1.746212244e-01
1.343240142e-01
-1.863654703e-01
-2.246196717e-01
2.594836652e-01
7.619412243e-02
2.105651051e-01
3.783740476e-02
1.933298409e-01
-5.027147382e-02
7.286677510e-02
2.730556428e-01
4.494549334e-02
-1.563923210e-01
3.592379987e-01
-2.730983794e-01
-2.197968513e-01
2.286258936e-01
-3.332297504e-01
-5.838396400e-02
-9.722583741e-02
3.458070755e-01
-1.614421606e-01
-1.125123948e-01
2.546887472e-02
-1.862553209e-01
4.797309637e-02
-7.903464884e-02
-1.277459860e-01
2.260592729e-01
6.998468190e-02
2.043507248e-01
2.410468310e-01
1.411306560e-01
1.135736518e-02
5.112371594e-02
-2.560805082e-01
1.034337208e-01
1.009886116e-01
1.041221544e-01
-3.172404319e-02
2.021617144e-01
4.523704574e-02
-8.443194628e-02
-8.453015238e-02
1.503311545e-01
-4.852376506e-02
2.073017806e-01
1.687971950e-01
1.182853151e-02
8.151913434e-02
-1.719203405e-02
-1.870002747e-01
-7.965867966e-02
-2.038362473e-01
3.681727052e-01
-2.480295002e-01
-3.309047595e-02
9.809167683e-02
-2.146920413e-01
1.198096424e-01
2.950375527e-02
2.711651325e-01
-5.600711703e-02
-2.588519752e-01
-3.171722591e-01
-1.612762362e-02
1.304177791e-01
4.141092002e-01
-9.195033461e-02
1.526520848e-01
-1.445121914e-01
3.234578297e-02
2.147008181e-01
-4.674214497e-02
4.889951274e-02
9.217957407e-02
-5.461245030e-02
8.543035015e-03
-7.053134590e-02
4.585822225e-01
-2.433030307e-02
6.215921789e-02
-7.759447675e-03
1.417683214e-01
1.260531694e-02
5.868096650e-02
-2.475605905e-01
6.770104170e-02
-2.557063699e-01
1.023007706e-01
4.171223938e-01
-5.193531886e-02
-2.292802334e-01
-9.133896977e-02
-3.030392528e-02
2.794074416e-01
-9.867791086e-02
6.689129025e-02
-2.232235372e-01
-2.969436347e-01
-2.440848798e-01
7.292836159e-02
1.023292318e-01
3.852051497e-02
-1.203516647e-01
-1.909934729e-01
-8.136445284e-02
-3.732007742e-02
-2.136550993e-01
-2.112375386e-02
2.122733146e-01
-2.351059951e-02
9.483513422e-03
8.846929669e-02
-1.716498286e-03
-1.251412332e-01
5.225128680e-02
-2.706611156e-02
-1.261639744e-01
1.650919765e-01
2.940016985e-01
-1.999123245e-01
-1.360635757e-01
6.559964269e-02
4.572657403e-03
1.837792248e-01
-1.859623194e-02
3.266467750e-01
3.389162943e-02
-4.043377340e-01
3.123873770e-01
3.449664637e-02
1.544179320e-01
2.114486098e-01
-4.372529984e-01
1.039892435e-01
-9.440088272e-02
-4.532609135e-02
4.107553884e-02
-7.553216815e-02
3.722110763e-02
5.913975649e-03
2.372371703e-01
1.861378551e-01
7.527043670e-02
-8.946863562e-02
-1.732848585e-02
-1.895675212e-01
2.925431132e-01
-1.973320963e-03
-1.890107393e-01
-1.671881378e-01
1.646217108e-01
-1.343891770e-01
1.313920915e-01
3.314802647e-01
1.923134923e-02
2.900303900e-01
1.996320933e-01
1.264279634e-01
7.389352471e-02
-2.829286456e-01
-2.833401859e-01
1.394426674e-01
-7.723491639e-02
-1.422625035e-02
1.917843968e-01
-1.622826904e-01
-3.314552009e-01
-1.329581439e-01
8.993940055e-02
-6.930019706e-02
-7.026241720e-02
-4.174740240e-02
6.265334785e-02
-1.506876796e-01
-1.311722845e-01
-1.561929137e-01
-3.462912515e-02
2.521291375e-01
-5.324721336e-02
3.583788872e-01
3.850511089e-02
8.868460357e-02
-2.451755702e-01
2.140731663e-01
1.377834827e-01
-2.185163498e-01
2.079751492e-01
3.432741761e-01
3.081853688e-01
-1.292855442e-01
9.589010477e-02
2.768788040e-01
2.099242508e-01
-3.221846744e-02
2.561511993e-01
-1.157545149e-01
2.169703692e-02
-9.492384642e-02
-2.020446509e-01
2.756538242e-02
9.166251868e-02
-1.878965050e-01
1.469199955e-01
-2.164724618e-01
1.365414411e-01
-1.372203976e-02
7.213388383e-02
9.789157659e-02
-1.837799996e-01
2.810411453e-01
-2.053133026e-02
1.320652515e-01
1.116233543e-01
-1.636403501e-01
2.504910827e-01
-7.256618142e-02
2.549727559e-01
-3.197151423e-01
1.860276388e-04
2.706605196e-02
1.678781509e-01
5.130430683e-02
4.749965295e-02
-1.507282108e-01
-1.314983517e-01
-2.949681878e-01
-1.762592942e-01
2.757844627e-01
-4.144948721e-02
-1.766559929e-01
1.968172640e-01
3.350286782e-01
-7.535643876e-02
5.806704983e-02
-5.214389041e-02
1.317488551e-01
7.028152794e-02
-1.076413170e-01
-8.668969572e-02
-1.869221628e-01
-5.313663557e-02
3.725789860e-02
8.327290416e-02
-5.447270274e-01
-3.271753490e-01
1.298624091e-02
-4.572487250e-02
1.137264520e-01
9.694693983e-02
1.425095797e-01
7.677441835e-02
2.853935063e-01
9.053734690e-02
-3.484485745e-01
6.292690337e-02
-1.238525007e-02
1.934778839e-01
-3.710994124e-02
1.353630610e-02
1.837278306e-01
1.192845106e-01
3.040947318e-01
1.744133830e-01
1.372713745e-01
8.925284445e-02
2.579656430e-03
1.108372584e-01
-9.329948574e-03
3.912974298e-01
9.787590057e-02
-8.549915254e-02
2.102997452e-01
1.182427630e-01
-1.472073495e-01
-2.896330059e-01
1.545702219e-01
2.023295760e-01
7.423694432e-02
2.435765564e-01
-2.834802866e-01
-1.903746724e-01
3.484848514e-02
-4.509419575e-02
4.513109103e-02
4.906130210e-02
-1.560600847e-01
-9.867011756e-02
2.119004726e-01
1.744879186e-01
3.170856461e-02
-1.073870584e-01
-1.765256375e-02
-1.503703296e-01
-1.776068062e-01
-4.364618063e-01
1.581697613e-01
-8.904254436e-02
-2.781911194e-02
2.276205719e-01
-4.810686409e-02
-1.135387272e-01
-5.600117519e-02
-1.369219124e-01
-4.425738007e-02
2.866416052e-02
-2.482504211e-02
8.921764791e-02
-3.093864918e-01
-1.986930706e-02
-4.807174504e-01
1.674315333e-01
-1.848505735e-01
5.153641477e-02
3.094118834e-01
-1.146951616e-01
-8.119325340e-02
1.522413492e-01
1.603456289e-01
1.918035448e-01
7.613003999e-02
3.945120797e-02
2.618180513e-01
-8.890394121e-03
-3.009620868e-02
-1.104740947e-01
2.776897252e-01
-1.794193834e-01
-1.744011492e-01
2.773764133e-01
7.356868684e-02
2.496616989e-01
-3.073191047e-01
-5.746484920e-02
-9.871540964e-02
8.506824076e-02
-1.656266898e-01
-4.572946206e-02
-2.003432214e-01
1.694417149e-01
-1.367900223e-01
2.656640112e-01
-1.860403121e-01
-2.750162035e-02
-8.665909618e-02
-1.155020967e-01
1.493926160e-02
3.995491266e-01
1.334402859e-01
-1.160199493e-01
-2.070793062e-01
6.408141553e-02
9.325012565e-02
2.319588065e-01
8.234983683e-02
-1.547320038e-01
-1.898199469e-01
-9.041686542e-03
-4.110832885e-02
-2.749346495e-01
3.362310827e-01
-1.259541363e-01
-3.416047990e-02
-1.581575722e-01
5.833131820e-02
-8.483891189e-02
-1.617301852e-01
-5.190274864e-02
1.031084284e-01
-1.954387575e-01
3.362940252e-01
-2.601068094e-02
-4.637294263e-02
-4.812987521e-02
-2.811456565e-03
9.505051374e-02
-7.779444009e-02
-4.935285076e-02
-3.385193348e-01
1.336771101e-01
-1.586294323e-01
1.389741153e-01
4.669119418e-01
3.989523277e-03
-1.012369320e-01
-4.613282681e-01
2.335727215e-02
1.302549243e-01
-9.671135247e-02
3.004936874e-01
1.015320271e-01
5.654995330e-03
-5.282877013e-02
-3.798798099e-02
2.378849685e-01
-3.257648945e-01
1.541738361e-01
-1.097107604e-01
2.237726152e-01
-1.688437350e-02
-1.014154181e-01
7.816470414e-02
1.235274822e-01
-5.214422941e-02
3.256673366e-02
-4.221328720e-02
-3.029126674e-02
1.048221886e-01
-6.806613412e-03
-4.902973771e-02
4.597276747e-01
-6.953763217e-02
1.702398658e-01
1.275604516e-01
4.447657615e-02
2.337446250e-02
-3.081991076e-01
4.397128895e-02
3.843480349e-01
9.181513637e-02
-2.424858212e-01
1.947751045e-01
-2.098167241e-01
6.422623247e-02
1.286714226e-01
-1.451699734e-01
3.486011028e-01
9.054753929e-02
-2.664371729e-01
1.331276745e-01
-2.992611751e-02
3.180603385e-01
-7.329205424e-02
1.204793081e-01
-6.079787388e-02
-3.615996540e-01
-1.353568286e-01
1.123998910e-01
5.414574966e-02
-2.273483872e-01
-7.401674986e-02
-6.310633570e-02
2.240898311e-01
1.379943639e-01
4.623833671e-02
2.705401778e-01
6.466314942e-02
5.739419907e-02
2.404167689e-02
-7.647052407e-02
2.163023315e-02
7.478054613e-02
-1.805694699e-01
-2.012184560e-01
1.896911114e-02
-3.481968045e-01
2.681572922e-03
2.662402689e-01
-5.340696778e-03
7.152459770e-02
2.960922718e-01
6.654951721e-02
1.684868038e-01
2.674023807e-01
-1.804867387e-02
5.670328438e-02
2.422971725e-01
-9.193156660e-02
1.365966797e-01
-1.722149253e-01
-1.803062409e-01
-1.971331388e-01
-6.718555093e-02
-4.477095604e-01
3.183713928e-02
4.997389764e-02
1.415394545e-01
-2.852689922e-01
-1.558896601e-01
1.135578528e-01
-3.416956961e-02
1.764897406e-01
1.685440540e-01
1.396519225e-02
3.402038813e-01
8.994022757e-02
-2.000321820e-02
-1.617393047e-01
2.215314656e-01
7.082346082e-02
-5.429769680e-02
-3.167729378e-01
-1.606560647e-01
-1.759220958e-01
-1.920532286e-01
1.268771142e-01
-7.027245313e-02
-1.221451163e-01
7.205966115e-02
-6.923496723e-02
-1.462317109e-01
7.111266255e-02
3.200730085e-01
-1.296717077e-01
8.165501803e-02
1.281222105e-01
1.810606122e-01
2.903150618e-01
9.527052194e-02
-1.802703142e-01
1.054010391e-01
-4.139553607e-01
-4.840839654e-02
2.030981183e-01
-1.928206831e-01
-9.339334816e-02
-1.458930522e-01
-1.190604642e-02
2.732336055e-03
-1.624264568e-01
3.239510953e-01
7.052376866e-02
9.901639819e-02
1.956908591e-02
1.077757254e-01
-3.998523355e-01
3.832155094e-02
1.094067022e-01
-1.691543162e-01
-4.310310259e-02
4.682125747e-01
1.429705918e-01
-1.860227734e-01
1.321492493e-01
-9.691508114e-02
4.560788348e-02
1.100808978e-01
-2.471132576e-01
1.441254467e-01
1.197855696e-01
8.241836727e-02
1.309795678e-01
1.414868385e-01
1.863524318e-01
-1.490063667e-01
-6.693657488e-02
-3.799155056e-01
1.113315672e-01
-8.974164724e-02
-9.970200062e-02
-1.981869936e-01
-1.727617383e-01
-2.738146298e-02
1.136735156e-01
-2.999350429e-01
2.133090347e-01
7.834581286e-02
7.921198010e-02
-2.146865427e-01
4.414599016e-02
-7.191874087e-03
-2.589046955e-01
-3.333031014e-02
-1.066294033e-02
-1.098014265e-01
-1.260817647e-01
2.282186449e-01
1.102424506e-02
3.754771948e-01
-6.531797349e-02
-5.213550329e-01
-7.471526414e-02
7.068392634e-02
-2.702417374e-01
-1.077684313e-01
-1.834276319e-01
4.404851049e-02
1.090093255e-01
1.251971629e-02
-1.562259942e-01
-1.758532971e-01
4.425418377e-02
-1.379217673e-02
1.300483644e-01
-1.067766845e-01
9.958475828e-02
2.369730920e-01
7.194499671e-02
3.352926299e-02
2.293214947e-01
3.577243090e-01
6.494575739e-02
-5.060758814e-02
1.014390215e-01
-1.183101535e-02
1.309427619e-01
2.477978021e-01
3.893036395e-02
-7.242549956e-02
6.363502145e-02
4.267181456e-01
-5.152981728e-02
1.078772470e-01
-3.894586582e-03
4.021322727e-02
-4.504241049e-01
-9.961183369e-02
2.261663824e-01
-1.524106562e-01
1.243958399e-01
-9.771104157e-02
-1.484265029e-01
2.055346221e-01
-2.262502536e-02
-2.221073508e-01
8.098360151e-02
1.470208075e-02
1.389477849e-01
-1.136470437e-01
-9.093975276e-02
-1.189112067e-01
1.398492604e-01
-1.659675390e-01
9.738897532e-02
1.352450252e-01
-1.949142814e-01
-1.346246898e-01
-2.599328756e-02
2.538376488e-02
1.321238130e-01
4.946636781e-02
-2.644652724e-01
-7.945263386e-02
-3.512731194e-01
-3.609603345e-01
1.794680208e-01
1.097248960e-02
-1.872954071e-01
-1.564969271e-01
6.257728487e-02
-1.574764252e-01
-1.085377261e-01
1.398595050e-02
3.533646166e-01
-5.831724033e-02
4.655198008e-02
-2.896404862e-01
-2.563270926e-01
2.466407716e-01
9.520789236e-02
-1.848007292e-01
1.000001356e-01
-9.876629710e-02
1.050291769e-02
1.355178282e-02
-1.620954089e-02
-1.368866861e-01
-2.460956722e-01
-3.053690866e-02
2.589933388e-02
1.083188877e-01
-2.571417987e-01
-2.510797977e-01
3.205631077e-01
2.405869812e-01
-2.896477580e-01
-3.906438649e-01
-1.017803624e-01
-1.419532299e-01
1.822007000e-01
-3.253574073e-01
-9.922381490e-02
-1.592812836e-01
1.094686538e-01
9.055136889e-02
-2.545016259e-02
2.109194547e-01
2.515654825e-02
2.421004511e-02
-1.560869664e-01
1.701548994e-01
-4.430311546e-02
-1.378714889e-01
3.980574757e-02
1.555927247e-01
-5.428934470e-03
1.217367202e-01
3.138432503e-01
-1.177193150e-01
1.969064027e-01
2.896196246e-01
-6.744743139e-02
-1.341498550e-02
4.680955410e-01
5.344145373e-02
1.280269772e-01
-2.179226466e-02
6.196391582e-02
1.165074036e-01
3.258759975e-01
-3.585057333e-02
-9.694220126e-02
-6.454238296e-02
-4.577701166e-02
-1.903629750e-01
-3.417576849e-01
1.569293439e-01
-1.681597084e-01
-1.513284594e-01
9.059771895e-02
-1.775240004e-01
-1.530105527e-02
1.316597164e-01
1.873281151e-01
1.219025180e-01
9.913499653e-02
-2.680190280e-02
8.725626394e-03
5.291349292e-01
-2.609680779e-02
-1.950060427e-01
3.424926847e-02
1.921156049e-01
-1.809359640e-01
2.219476551e-01
7.191853970e-02
3.609036654e-02
-1.586427242e-01
-1.689689308e-01
2.441389263e-01
1.910430342e-01
7.091233879e-02
-1.764031649e-01
-8.880528063e-02
-2.646984458e-01
6.595432758e-02
-2.608160973e-01
1.150112003e-01
1.589697599e-01
-5.013519898e-02
-1.960341483e-01
1.345519125e-01
-1.549908984e-02
2.341150343e-01
-1.173582673e-01
-1.631226093e-01
2.392817661e-02
-2.068804018e-02
1.241821051e-01
1.215589643e-01
1.067307591e-01
-4.955827072e-02
-1.265397221e-01
4.467376322e-02
-5.229502544e-02
9.595407546e-02
-1.665228009e-01
-1.795573384e-01
1.926144063e-01
-1.518954188e-01
-5.524294823e-02
-4.139880091e-02
-1.723847389e-01
-2.166164070e-01
2.614125013e-01
2.695027925e-02
1.973263025e-01
-2.821424007e-01
-3.033072650e-01
5.424274802e-01
-6.305324286e-02
2.958913743e-01
2.656784840e-02
-2.706513740e-02
2.220298909e-02
-9.658458829e-02
-2.162108272e-01
-9.697205387e-03
-1.771663278e-01
-1.999438256e-01
-8.734506369e-02
2.316145748e-01
6.470793486e-02
-3.225817531e-02
3.613888323e-01
-2.705921829e-01
-6.770174205e-02
8.032853156e-02
-5.761676282e-02
-4.081154615e-02
-2.811516523e-01
-3.403832763e-02
-1.225295365e-01
1.135797724e-01
5.879817903e-02
-2.122153044e-01
1.177754626e-01
8.091551065e-02
-3.222056329e-01
1.654674560e-01
6.527482718e-02
3.531214595e-01
-4.837099463e-03
2.743227482e-01
7.561929524e-02
6.662017107e-02
1.566617191e-01
1.990916207e-02
8.799936622e-02
2.949433625e-01
8.719685487e-03
-1.600251719e-02
1.173733361e-02
-3.548482060e-01
-4.945216700e-02
2.033517929e-03
-5.467529967e-02
1.906664297e-02
-1.223881468e-01
-1.395426691e-01
-1.418536901e-01
2.273358405e-02
4.197181761e-01
-7.216719538e-02
1.963360012e-01
1.889976114e-01
-2.123460406e-03
-1.857880056e-01
1.512646377e-01
1.266741753e-01
-2.665443420e-01
-2.864600159e-02
1.263709515e-01
-3.054119647e-02
2.988234535e-02
1.178277805e-01
-2.059812099e-01
-5.878195167e-02
2.325678915e-01
2.109426260e-01
4.740310609e-01
-1.044640318e-01
-4.930249974e-02
-6.871629506e-02
2.815732062e-01
1.928519271e-02
-4.099449813e-01
-4.506572485e-01
2.536428273e-01
-8.097452670e-02
3.863092512e-02
-1.152785420e-01
-2.316358313e-02
2.927453257e-02
2.108767182e-01
-3.362029046e-02
-1.838967055e-01
6.488690525e-02
-1.689162403e-01
-3.581070900e-01
-2.304143459e-01
-1.015867963e-01
5.087736249e-02
3.125375137e-02
9.573367983e-02
7.446002215e-02
1.832657494e-02
9.425940365e-02
1.284734309e-01
-6.679348648e-02
-2.766181529e-01
2.019148553e-03
-1.537658274e-01
5.039085075e-02
-3.591422364e-02
4.497889429e-02
-1.490937322e-01
3.866974413e-01
-1.906748712e-01
-8.949974179e-02
4.131050780e-02
-2.032351196e-01
1.843886673e-01
-3.125928640e-01
3.664830327e-02
2.790131271e-01
-7.418500632e-02
1.569497734e-01
2.676869333e-01
-1.137247682e-01
-4.852505401e-02
-2.126170248e-01
1.965531409e-01
-2.335100323e-01
6.525751203e-02
-2.020639330e-01
-8.744854480e-02
9.319008887e-02
-2.975386381e-01
-4.902935401e-02
2.161581218e-01
-7.965800166e-02
-2.050558776e-01
-8.523541503e-03
1.254290193e-01
-8.897854388e-02
9.268002212e-02
-7.871439308e-02
-1.044994891e-01
1.601637602e-01
-8.397154510e-02
-1.393214166e-01
-2.402499020e-01
1.843141317e-01
-2.849674970e-02
-3.801537752e-01
6.120082736e-02
1.859111041e-01
-1.199236810e-01
5.408544838e-02
-2.640345991e-01
2.166314572e-01
-2.474801540e-01
5.829053000e-02
-1.919854991e-02
-1.479859203e-01
-1.377982795e-01
-1.410980076e-01
-5.806012824e-02
-5.142953247e-02
3.822655976e-01
-9.188143164e-02
2.843237109e-02
-3.745122254e-01
-3.572285548e-02
-7.197351009e-02
-1.636654288e-01
-2.284632474e-01
2.067897618e-01
9.357137978e-02
-5.546424538e-02
-4.005497694e-02
-1.063319482e-02
1.664284021e-01
1.357530244e-02
-1.204252592e-03
-5.724868923e-02
1.027247533e-01
3.458527625e-01
6.871627271e-02
1.441475600e-01
-2.490553111e-01
-1.118953675e-01
1.283632666e-01
2.185944915e-01
6.220308691e-02
1.286658496e-01
-2.507689893e-01
1.883178055e-01
2.828081846e-01
1.917923242e-01
-6.846600026e-02
1.587502509e-01
-3.094928861e-01
-3.137749434e-02
4.835113138e-02
-3.454991579e-01
2.679440975e-01
5.295731127e-02
-2.440227419e-01
2.107402682e-01
3.586626649e-01
2.831477113e-02
-2.883009613e-01
6.476865709e-02
1.492737532e-01
-3.354304284e-02
-1.342323422e-01
1.673767567e-01
-1.130737811e-01
-9.106521308e-02
1.041628537e-03
-1.081694588e-01
2.124895304e-01
-1.997570843e-01
-5.133266449e-01
-7.404907793e-02
1.275075879e-02
2.037314773e-01
-5.128173158e-02
2.215774171e-02
-4.039436206e-02
-1.988248229e-01
-1.164642200e-01
1.689025164e-01
2.711975574e-01
-2.055244446e-01
-4.003773257e-02
-5.225222558e-02
-2.175806835e-02
-7.454092056e-02
1.684506536e-01
-2.037823349e-01
-9.100765735e-02
2.001526058e-01
5.837760493e-02
1.422811747e-01
8.625848591e-02
-4.394693673e-01
2.290732116e-01
-2.878873348e-01
6.496541202e-02
2.070842385e-01
1.766537726e-01
2.607958317e-01
-1.153819934e-01
-7.847751677e-02
2.057942748e-01
-9.733968228e-02
1.578332670e-02
1.303645521e-01
5.099584907e-02
3.560809195e-01
2.413239144e-02
-2.083504349e-01
9.609812498e-02
2.369290218e-03
-1.439011544e-01
1.638442874e-01
-1.122220233e-01
6.207959726e-02
-2.382735722e-02
-2.400452346e-01
-1.042403206e-01
5.234046280e-02
1.343723238e-01
2.839176059e-01
2.339714579e-02
-9.866889566e-02
-2.239500731e-01
-5.363100767e-02
1.047315747e-01
2.153056711e-01
1.829469204e-01
2.848734558e-01
1.644675136e-01
1.057430953e-01
1.870931089e-01
4.067815468e-02
-2.304925025e-02
-2.898316830e-02
1.954812706e-01
-4.130805284e-02
1.884972304e-01
-2.199464589e-01
1.689062566e-01
1.035268456e-01
7.709546387e-02
2.854017913e-01
2.012335062e-01
-2.408431768e-01
-2.806471586e-01
-3.458838165e-01
6.795768440e-02
7.672533393e-02
1.708739996e-01
-2.193469182e-02
-3.134307265e-02
1.504807025e-01
1.371458471e-01
1.519130766e-01
3.022034764e-01
-2.283429950e-01
-2.457314432e-01
1.491152942e-01
-5.925235897e-02
1.869611144e-01
-6.222495064e-02
-6.674285978e-02
1.360867918e-01
-2.612504363e-01
3.186919093e-01
-8.630786091e-02
2.063113898e-01
-2.590306848e-02
-1.416200250e-01
-2.837967575e-01
-3.679314628e-02
1.556075811e-01
1.124501899e-01
-2.869399637e-02
1.397655904e-01
-4.100547731e-01
7.522055507e-02
1.001623198e-01
2.399952263e-01
1.458317339e-01
1.547097228e-02
1.504974216e-01
-1.424244195e-01
-1.948553175e-01
-6.000106409e-02
-1.836539246e-02
2.304464206e-02
-1.204901934e-01
1.153958887e-01
-1.427039355e-01
-2.061646990e-02
9.320218116e-02
-1.957086772e-01
1.050684880e-02
1.880011857e-01
-1.168956757e-01
-3.144143522e-01
1.450096965e-01
4.856442660e-02
-3.260611743e-02
1.858637780e-01
-5.331144482e-02
-3.838917911e-01
1.755701303e-01
-2.693701386e-01
1.937984116e-02
3.852860630e-01
-9.506134689e-02
-9.808143228e-02
-3.815476298e-01
-1.875883937e-01
7.712756097e-02
-6.520523876e-02
3.266094625e-02
1.432119757e-01
-2.397184521e-01
1.285952032e-01
-3.524390757e-01
1.103447378e-01
-2.719834745e-01
7.592555881e-02
-1.894900948e-01
1.507319659e-01
-3.774404228e-01
-2.381061167e-01
2.042935789e-01
-3.485501185e-02
-2.399445139e-02
-5.126276985e-02
1.032859087e-01
2.511438727e-01
-3.095008135e-01
-1.699357778e-01
-2.523287572e-02
4.681897990e-04
-1.314005256e-01
1.312451214e-01
2.868450582e-01
1.288930029e-01
-1.395029724e-01
4.155674949e-02
1.267304569e-01
6.133606285e-02
-1.963521913e-02
-1.026058272e-01
1.966201141e-02
-3.191307783e-01
7.708282769e-02
-5.889317766e-02
-3.807954490e-01
1.743482426e-02
1.449318975e-01
1.719789952e-01
1.063476875e-01
-3.926931415e-03
2.955938317e-02
-1.306979507e-01
5.682074279e-02
4.011418223e-01
-1.243539304e-01
2.436608635e-02
7.002301514e-02
-1.103720069e-02
-1.362631768e-01
2.731467187e-01
-9.036220610e-03
-1.047837734e-01
-2.306842357e-01
6.716048717e-02
-9.321589954e-03
-3.390446305e-01
1.038336456e-01
1.963397563e-01
-1.063539684e-01
-2.597641647e-01
-2.655633688e-01
-4.811972380e-02
-1.157640293e-01
-3.065012991e-01
1.145725027e-01
6.283459812e-02
3.751304373e-02
2.750051953e-02
-8.482713252e-02
-6.199666485e-02
1.229014546e-01
8.375737071e-02
-1.261767745e-01
-3.815778494e-01
8.749496192e-02
2.460155487e-01
1.404348910e-01
2.408283576e-02
1.728911549e-01
-4.146038294e-01
-1.200940758e-01
1.157296225e-01
2.210028470e-01
-1.261398196e-03
-4.697063565e-02
7.981960475e-02
-2.761317194e-01
5.441683158e-02
-7.336316258e-02
4.421180114e-02
-2.071443349e-01
-4.070504606e-01
-4.406502843e-02
-7.837370783e-02
5.163629353e-02
-1.809540689e-01
4.991281778e-02
-2.141873119e-03
-6.315726787e-02
-2.055803686e-02
2.566271648e-02
-7.210552692e-02
1.951918304e-01
3.082980514e-01
-3.469240963e-01
1.644285321e-01
-2.001243532e-01
-1.956963092e-01
1.710225344e-01
-1.036751643e-01
7.950697839e-02
-5.853290856e-02
-8.823958039e-02
1.536714733e-01
-8.524844050e-02
2.018275708e-01
-7.831962407e-02
-2.052501589e-01
1.030122638e-01
-4.019649327e-01
-1.790339351e-01
9.201650508e-03
6.676128507e-02
-3.242893219e-01
2.489148080e-01
1.990559548e-01
6.963355839e-02
-1.038697585e-01
3.112793267e-01
-2.977665700e-02
-2.533220053e-01
-4.679659009e-01
1.202938426e-02
3.783843815e-01
-1.986474842e-01
-1.323748231e-01
-6.774509698e-02
1.946439594e-01
1.436806470e-01
1.958255172e-01
2.450543270e-02
-1.207151189e-01
-1.981087402e-02
-1.325885206e-01
8.693211526e-02
-2.652005106e-02
3.053428791e-02
-3.451232333e-03
-1.720126159e-02
-1.294857711e-01
-2.239997685e-02
1.878406703e-01
-1.826344877e-01
2.987926602e-01
7.940223068e-02
7.935858332e-03
1.637476236e-01
-2.250209600e-01
2.694346607e-01
-7.870184630e-02
6.002257764e-02
-7.013668865e-02
7.717923820e-02
-6.853145361e-02
1.579500586e-01
-8.619807661e-02
-2.922018170e-01
1.689669490e-01
8.703690767e-02
5.871823803e-02
9.527654946e-02
3.023426235e-01
-1.706214994e-01
7.340735197e-02
-8.187245578e-02
1.657200307e-01
-2.174295299e-02
-8.718319237e-02
3.164097071e-01
1.551511325e-02
4.789288342e-02
-3.737901747e-01
7.217568159e-02
-2.664642334e-01
-2.851223052e-01
1.823238283e-01
-2.134078592e-01
-2.735706866e-01
-1.117991135e-01
-3.837831318e-02
-1.189030334e-02
2.258649170e-01
-8.512678742e-02
-1.722844094e-01
-2.941343784e-01
-3.451643288e-01
-1.469500512e-01
1.916466057e-01
8.262294345e-03
-2.592652738e-01
-1.752191633e-01
1.101068184e-01
-2.600138783e-01
-2.883426147e-03
2.033783495e-01
-1.177615374e-01
-2.754439116e-01
-6.435689330e-02
4.587368295e-02
6.016336381e-02
1.879251301e-01
-2.449248880e-01
3.932870924e-02
-1.512299627e-01
1.634479314e-01
1.977116168e-01
2.873276770e-01
-8.818834275e-02
4.053200409e-02
-4.914882593e-03
2.341397665e-02
-2.262071371e-01
-1.354978830e-01
-2.597611845e-01
6.625730544e-02
-1.355138272e-01
1.578399688e-01
2.723507956e-02
-1.331833750e-01
-3.588556126e-02
1.121161655e-01
3.311177343e-02
9.125367552e-02
-1.826703995e-01
1.677072607e-02
2.160541564e-01
1.095667928e-01
-1.764771938e-01
3.380941451e-01
2.446423769e-01
-1.935082525e-01
-1.564892679e-01
-1.298940778e-01
-1.783535331e-01
-4.764980450e-02
1.041764691e-01
2.095185965e-01
-4.065553844e-01
-1.808460355e-01
-1.590520442e-01
-7.202052325e-02
5.560398847e-02
-2.631225884e-01
-2.421979159e-01
-2.798334360e-01
-4.261097014e-01
1.614064276e-01
1.092870459e-01
-8.624611422e-03
-1.591831744e-01
-8.684895933e-02
-2.782075107e-01
-1.602997817e-02
-4.372762516e-02
2.355462611e-01
-1.748624146e-01
1.121126190e-01
3.236621320e-01
3.162571788e-02
-1.623872109e-02
7.578968257e-02
-1.375720650e-01
3.417531550e-01
9.915209562e-02
6.188086420e-02
1.389595568e-01
4.050450400e-02
-5.550963804e-02
4.266148061e-02
2.427852750e-01
5.719200522e-02
-1.657551900e-02
-1.231963001e-02
-1.636033952e-01
-1.430540085e-01
-3.067636490e-01
-2.935869694e-01
-1.133084595e-01
-4.069362208e-02
3.556317464e-02
3.408405930e-02
-2.882308662e-01
1.158510521e-01
3.691080958e-02
-1.222944781e-01
-1.254302114e-01
-5.186831206e-02
-1.888705045e-02
-4.931680858e-02
-1.641804874e-01
-1.592451632e-01
-2.472116649e-01
-8.162355423e-02
-3.611696884e-02
-6.847355515e-02
2.889485843e-02
2.654795349e-01
-4.130984247e-01
-1.029732972e-01
2.445131689e-01
-9.252429008e-02
-1.036531553e-01
1.758923978e-01
3.112010360e-01
-1.743129790e-01
-1.523791719e-02
2.674311399e-01
-2.742134035e-01
8.343793452e-02
7.041463163e-03
-1.402770728e-01
-4.070559889e-02
3.647706509e-01
-1.882690191e-01
3.880994916e-01
9.067596495e-02
1.593477428e-01
8.849923313e-02
-1.421440244e-01
-1.963638216e-01
4.081447050e-02
-1.008726582e-01
2.016920596e-01
-8.019104600e-02
7.858621329e-02
-2.446730584e-01
2.083760351e-01
-2.897486687e-01
-1.611225605e-01
2.825697139e-02
1.396535616e-02
-2.365827262e-01
-1.465895772e-01
-2.258688509e-01
-1.961500570e-02
-2.522100210e-01
-2.547953725e-01
-1.090095639e-01
2.038448863e-02
-5.752231926e-02
-4.384887591e-02
6.095343083e-02
-7.400794327e-02
-3.191103339e-01
3.905042708e-01
-2.994661927e-01
-8.374915458e-03
7.733443636e-04
-2.642402947e-01
-2.466803938e-01
2.596903145e-01
2.004714906e-01
6.583382934e-02
-1.838332415e-01
1.582252979e-01
7.214859873e-02
-9.219199419e-02
1.297303382e-02
1.579795480e-01
2.505737543e-01
1.154361367e-01
-4.754583538e-02
1.034886539e-01
2.950594015e-02
1.425577104e-01
-1.455850005e-01
2.790366411e-01
-7.928846031e-02
-3.697065264e-02
-1.303850412e-01
-2.430070192e-01
-1.071137860e-01
-4.704946578e-01
-1.117061675e-01
-1.085316297e-03
1.814009547e-01
1.610654220e-02
1.733458489e-01
2.027996331e-01
-1.613529474e-01
-2.255596071e-01
2.914986014e-01
-2.036977708e-01
-1.701683402e-01
-1.191974208e-01
1.631520987e-01
1.341135353e-01
2.081276625e-01
-1.406629682e-01
-7.394233346e-02
1.064767409e-02
-1.893038116e-02
6.924691051e-02
-3.105419688e-02
1.272278279e-01
-1.161709502e-01
7.194009423e-02
3.067272604e-01
-1.831444651e-01
2.272002399e-01
-1.960146725e-01
-1.395795792e-01
-8.636073023e-02
-1.280662268e-01
-3.744846582e-02
-4.142659158e-02
2.927328348e-01
3.164395094e-01
-5.381901935e-02
4.706681147e-02
5.098197237e-02
-2.298220098e-01
1.003418714e-01
6.679725647e-02
-3.392856335e-03
1.323601604e-01
-9.515874833e-02
8.793324977e-02
-2.693437040e-01
2.094241977e-01
-3.950617835e-02
1.157762781e-01
-1.778228432e-01
1.500900239e-01
4.049522281e-01
1.142974943e-01
1.066994295e-01
-1.055397466e-01
-6.478429586e-02
1.640257984e-01
-8.877879381e-02
-9.905676544e-02
3.726464510e-01
1.362536103e-01
-1.480035782e-01
2.974145710e-01
8.262272924e-03
-2.029988319e-01
-3.174108863e-01
1.096702889e-01
-1.109800637e-01
1.709332466e-01
1.593485475e-01
-1.131540164e-01
-8.516029269e-02
-6.444469094e-02
-3.451969624e-01
9.986886382e-02
-1.234156564e-01
-3.797737882e-02
-9.284240007e-02
2.643804182e-04
2.999525070e-01
-4.397932291e-01
5.116938055e-02
1.102810800e-01
1.628137827e-01
-1.041202024e-01
2.779985368e-01
-3.497333080e-02
-1.287417263e-01
-1.663650014e-02
-1.088353992e-01
-4.202286154e-02
-1.315499991e-01
-2.434130162e-01
-2.181426734e-01
1.781925410e-01
-3.214874864e-02
-4.768447019e-03
5.284954906e-01
8.753884584e-02
-1.661569923e-01
-8.466731757e-02
-4.965468869e-02
-3.799299896e-02
-7.802448422e-02
-1.182966307e-01
-1.715484858e-01
-1.195161715e-01
-3.557903469e-01
-1.350743324e-01
2.008242011e-01
1.229214966e-01
-2.306894660e-01
1.353264451e-01
-2.067903988e-02
-1.690118164e-01
4.631706700e-02
2.422832549e-01
-4.215584099e-01
-5.498483032e-02
3.904923797e-02
-1.252349168e-01
1.576831788e-01
-2.982962690e-02
1.184798405e-01
3.115375526e-02
6.282588840e-02
7.209897041e-02
-2.557438314e-01
1.983698159e-01
-3.210240602e-02
1.662930548e-01
-7.023852319e-02
-1.665279865e-01
1.564301997e-01
-3.475505710e-01
-2.663158178e-01
2.850794792e-01
2.103124261e-01
2.864769101e-01
-2.340472788e-01
2.258871049e-01
-1.612750143e-01
2.231517732e-01
1.054830849e-02
-7.749232650e-02
-1.474946886e-01
1.240491197e-01
-1.690332443e-01
8.940248191e-02
-1.791676581e-01
1.350304782e-01
-1.415716708e-01
1.646379679e-01
-4.162738472e-02
4.652526230e-03
-2.042342909e-02
-1.311036944e-01
7.865029573e-02
1.602412760e-01
1.228350848e-01
-6.871128082e-02
-1.444327086e-01
1.062637642e-01
-2.424247265e-01
2.259262502e-01
-1.500583589e-01
-7.519426197e-02
-1.133143231e-01
3.747639805e-02
2.728865365e-04
2.075019628e-01
8.700703271e-03
2.886925042e-01
-4.894992337e-02
6.727577653e-03
-1.433545258e-02
8.208084106e-02
8.899156749e-02
-1.690991372e-01
2.087204605e-01
4.307680726e-01
-3.513191361e-03
1.190465167e-01
1.851110458e-01
-3.571682870e-01
3.806924075e-02
5.769262463e-02
1.237383392e-02
2.821504474e-01
2.451705039e-01
-2.713688910e-01
2.064594775e-01
-1.401090156e-02
1.716574840e-02
-2.828620374e-01
-2.003210783e-01
-1.150856689e-01
6.594730169e-02
2.516629994e-01
-1.204512417e-01
8.515767753e-02
1.732801646e-01
-2.273415774e-02
-2.539963424e-01
1.591764688e-01
1.536003351e-01
-4.793089032e-01
-1.157802120e-01
-1.016737334e-02
-7.679805160e-02
4.552120566e-01
-3.049524501e-02
3.845248744e-02
2.317651175e-02
1.465875059e-01
1.369143575e-01
1.018221602e-01
-8.673781902e-02
4.772005230e-02
-1.569452435e-01
-4.817106575e-02
-9.981804341e-02
-1.828760952e-01
-1.447454989e-01
2.045008242e-01
1.807279289e-01
1.226457488e-02
1.110257283e-01
3.400413692e-01
-2.195530944e-02
-2.405374497e-02
-1.259012520e-01
-8.915341645e-02
-2.089138478e-01
-9.749058634e-02
3.766442835e-01
2.394965738e-01
-1.370234787e-01
-6.566232443e-02
1.455693413e-02
2.299008518e-01
-1.031482369e-01
-7.329656184e-02
-1.588728130e-01
2.356682718e-01
-2.290180922e-01
1.260000165e-03
-1.441181153e-01
-4.195523560e-01
-1.351204608e-02
5.238477886e-02
-1.863275096e-02
-1.798857003e-01
1.349553019e-01
-1.522998810e-01
-4.764458165e-02
-1.427456290e-01
1.274903566e-01
3.587174043e-02
3.908876330e-02
2.305522710e-01
-2.167163789e-01
-1.575481594e-01
-6.683816016e-02
6.694260240e-02
-1.514060646e-01
1.784782857e-01
9.139857441e-02
-3.159424067e-01
-1.329439431e-01
-2.978637815e-01
1.319325268e-01
-1.511540413e-01
2.992486954e-01
-9.615258873e-02
2.068985999e-01
2.795856297e-01
3.276591599e-01
-1.545009315e-01
-2.403235584e-01
1.876931041e-01
-3.484670818e-02
-1.213916615e-01
-9.503094107e-02
2.082088143e-01
4.891889915e-02
-9.056078270e-03
-8.942829072e-02
2.904384397e-02
-2.175604850e-01
3.906175792e-01
-1.026623547e-01
-1.045865417e-01
1.449940950e-01
-9.444373660e-03
-9.417077899e-02
7.149234414e-02
3.324496150e-01
-2.399412915e-02
4.906765744e-02
-3.260913193e-01
2.723533511e-01
2.180473655e-01
-9.399379790e-02
4.135051370e-02
-1.425856799e-01
6.488718837e-02
-3.840703368e-01
-1.793783158e-01
-1.471425891e-01
1.905895583e-02
-5.460024998e-02
1.462121587e-02
-2.570960820e-01
-3.307615221e-02
3.499119077e-03
-2.095693648e-01
-2.006573975e-01
-4.175247997e-02
-4.932292923e-02
-8.450197428e-02
4.038744140e-03
-2.159426063e-01
-1.738647372e-01
-2.128631473e-01
-1.188568547e-01
-1.517217979e-02
1.569817215e-01
3.531700969e-01
-1.155445874e-01
7.479889784e-03
6.449349970e-02
1.930656731e-01
-1.475198567e-01
1.766174883e-01
1.865041256e-01
-1.789266914e-01
-2.570860982e-01
2.791414224e-02
8.103025705e-02
1.620313227e-01
-1.800621748e-01
1.382534951e-01
-4.286425114e-01
-4.675994813e-02
-5.878987163e-02
-8.049657941e-02
-2.759153396e-02
-1.100858091e-03
1.715018153e-01
-3.907096982e-01
9.582658112e-02
1.080814749e-01
-7.382772863e-02
-9.058419615e-02
-3.852386400e-02
1.100247800e-01
4.251995981e-01
-1.566820294e-01
2.261203714e-02
-9.489651769e-02
3.407665491e-01
-5.910723284e-02
2.288792282e-01
-5.337718129e-02
-7.892454416e-02
-3.791584969e-01
6.494708359e-02
1.205698550e-01
2.200876363e-02
-2.828559279e-01
-1.963280439e-01
1.786849648e-01
-1.233366728e-01
-1.117747873e-01
-1.219655871e-01
-2.619652636e-02
-2.959210575e-01
-1.815059632e-01
2.300239205e-01
-2.583238669e-02
1.580582708e-01
1.126949769e-02
-1.277784724e-02
4.008086771e-02
1.461844742e-01
1.947391182e-01
-2.340925485e-02
-2.751202285e-01
6.856134534e-02
1.513183415e-01
-9.902640432e-02
3.496233001e-02
-3.096042275e-01
3.779078275e-02
-9.175552428e-02
2.258418351e-01
2.749341428e-01
1.629898399e-01
6.020767242e-02
2.914123535e-01
3.000020385e-01
4.938909411e-02
-3.345036805e-01
-2.729859017e-02
-1.012949497e-01
-7.133060694e-02
-2.927004546e-02
6.264219433e-02
2.716793418e-01
1.022269726e-01
-2.708992660e-01
-1.933864355e-01
-2.372788042e-01
-1.050586905e-02
2.880978398e-02
-1.523863059e-02
-1.316071600e-01
1.022833213e-01
1.037408691e-02
2.954043448e-01
-2.454085648e-01
3.762398958e-01
1.720071537e-03
5.963753909e-02
-1.120207757e-01
1.252028346e-01
-6.654510647e-02
3.957806155e-02
-3.408794999e-01
-1.305168718e-01
1.229773313e-01
1.422168338e-03
-2.727410495e-01
6.329063326e-02
1.178694144e-01
-2.969273329e-01
-6.140896678e-02
6.107529253e-02
-8.464076382e-05
1.430311054e-02
-3.638789654e-01
1.542937905e-01
3.299263716e-01
2.047821432e-01
2.259436809e-02
-1.393927168e-02
-3.013642132e-02
-2.396774143e-01
-2.162261456e-01
1.546069533e-01
9.242923930e-03
-1.339210081e-03
-2.153832316e-01
-2.730476856e-01
-3.938499391e-01
-1.211390197e-01
2.412830293e-01
3.740741611e-01
2.504373491e-01
1.762991995e-01
-8.766572922e-02
-1.766346246e-01
-3.518746793e-01
-1.095933616e-01
-5.852689967e-02
-5.974280834e-02
-1.136988997e-01
1.215225086e-01
-5.501373671e-03
1.375171095e-01
1.270853132e-01
1.050438061e-01
4.732229561e-02
-5.092365295e-02
1.002753824e-01
2.159265615e-02
1.158464551e-01
-6.256043166e-02
