3.176231682e-01
8.218944073e-02
5.688112602e-02
7.317256182e-02
-1.181408390e-01
1.108876429e-02
-1.997341365e-01
-1.183865145e-01
-2.948025167e-01
1.732181013e-01
8.163798600e-02
7.619438320e-02
3.175042570e-01
1.248347610e-01
8.733800799e-02
-1.098202243e-01
3.221835494e-01
-1.316114217e-01
2.575457394e-01
2.288186699e-01
1.279307753e-01
9.334562719e-02
-2.163471729e-01
1.935836822e-01
2.397694439e-01
1.222898588e-01
-1.369179636e-01
1.223939583e-01
8.186733723e-02
1.606101096e-01
2.149164975e-01
-1.276201010e-01
