8.0 25.0
51.0 59.0
33.0 48.0
19.0 6.0
34.0 53.0
46.0 64.0
36.0 50.0
72.0 57.0
20.0 34.0
30.0 46.0
1.0 62.0
6.0 40.0
17.0 44.0
59.0 9.0
31.0 52.0
4.0 17.0
6.0 61.0
44.0 62.0
29.0 73.0
6.0 25.0
55.0 60.0
71.0 54.0
7.0 31.0
66.0 58.0
26.0 19.0
48.0 6.0
59.0 37.0
31.0 20.0
49.0 70.0
54.0 61.0
17.0 40.0
71.0 70.0
58.0 65.0
29.0 26.0
70.0 36.0
22.0 42.0
3.0 1.0
71.0 19.0
63.0 4.0
9.0 48.0
24.0 42.0
33.0 32.0
36.0 24.0
66.0 29.0
46.0 64.0
2.0 11.0
41.0 60.0
65.0 10.0
53.0 5.0
5.0 30.0
33.0 36.0
8.0 73.0
48.0 47.0
67.0 1.0
1.0 42.0
24.0 20.0
34.0 54.0
39.0 17.0
62.0 20.0
37.0 69.0
38.0 44.0
34.0 13.0
10.0 50.0
53.0 42.0
24.0 21.0
56.0 37.0
27.0 38.0
45.0 63.0
23.0 59.0
51.0 19.0
10.0 46.0
45.0 57.0
63.0 70.0
35.0 11.0
65.0 2.0
21.0 37.0
26.0 47.0
49.0 37.0
15.0 2.0
64.0 49.0
15.0 13.0
54.0 47.0
36.0 45.0
38.0 22.0
36.0 70.0
47.0 56.0
9.0 13.0
34.0 23.0
45.0 18.0
29.0 33.0
50.0 25.0
9.0 32.0
0.0 17.0
45.0 71.0
60.0 22.0
52.0 69.0
39.0 60.0
62.0 28.0
47.0 58.0
49.0 73.0
33.0 72.0
59.0 18.0
48.0 35.0
36.0 58.0
15.0 1.0
16.0 19.0
31.0 54.0
16.0 42.0
16.0 57.0
65.0 34.0
25.0 6.0
24.0 4.0
0.0 4.0
10.0 51.0
14.0 25.0
72.0 55.0
34.0 60.0
33.0 73.0
44.0 5.0
66.0 57.0
21.0 53.0
50.0 47.0
27.0 18.0
56.0 70.0
23.0 10.0
51.0 20.0
24.0 66.0
70.0 73.0
51.0 20.0
59.0 21.0
65.0 42.0
9.0 56.0
13.0 31.0
6.0 17.0
40.0 11.0
46.0 13.0
0.0 14.0
45.0 64.0
6.0 14.0
24.0 57.0
0.0 60.0
49.0 13.0
27.0 50.0
8.0 25.0
26.0 39.0
25.0 71.0
37.0 66.0
38.0 23.0
10.0 58.0
15.0 20.0
72.0 22.0
6.0 0.0
28.0 58.0
26.0 51.0
22.0 41.0
51.0 5.0
38.0 72.0
70.0 50.0
53.0 20.0
3.0 20.0
3.0 3.0
19.0 10.0
61.0 5.0
12.0 63.0
12.0 25.0
27.0 24.0
51.0 28.0
39.0 17.0
73.0 58.0
34.0 58.0
37.0 59.0
23.0 0.0
54.0 63.0
27.0 22.0
1.0 11.0
39.0 72.0
49.0 9.0
67.0 45.0
50.0 30.0
3.0 47.0
7.0 39.0
72.0 64.0
24.0 47.0
31.0 70.0
31.0 9.0
59.0 43.0
42.0 21.0
8.0 1.0
20.0 35.0
50.0 69.0
46.0 5.0
10.0 31.0
51.0 51.0
57.0 7.0
14.0 61.0
2.0 52.0
53.0 57.0
9.0 33.0
16.0 51.0
50.0 39.0
4.0 28.0
5.0 62.0
48.0 46.0
14.0 8.0
66.0 70.0
50.0 51.0
52.0 68.0
14.0 14.0
11.0 52.0
67.0 60.0
50.0 12.0
6.0 70.0
12.0 2.0
63.0 46.0
52.0 41.0
42.0 18.0
67.0 28.0
20.0 10.0
8.0 54.0
1.0 68.0
9.0 51.0
2.0 60.0
71.0 61.0
29.0 18.0
63.0 11.0
13.0 8.0
17.0 47.0
36.0 6.0
8.0 39.0
4.0 31.0
51.0 65.0
49.0 24.0
38.0 60.0
60.0 19.0
21.0 30.0
59.0 66.0
20.0 34.0
20.0 46.0
67.0 65.0
57.0 0.0
2.0 65.0
4.0 36.0
48.0 64.0
44.0 58.0
0.0 15.0
7.0 37.0
66.0 10.0
41.0 19.0
27.0 3.0
21.0 47.0
7.0 34.0
35.0 48.0
53.0 34.0
70.0 59.0
54.0 15.0
17.0 37.0
4.0 3.0
25.0 24.0
16.0 28.0
17.0 66.0
22.0 42.0
11.0 26.0
15.0 34.0
34.0 39.0
53.0 1.0
16.0 21.0
71.0 48.0
5.0 17.0
10.0 19.0
19.0 67.0
3.0 64.0
32.0 35.0
15.0 56.0
58.0 10.0
16.0 38.0
69.0 38.0
27.0 10.0
40.0 22.0
2.0 21.0
73.0 18.0
70.0 23.0
64.0 13.0
9.0 59.0
35.0 31.0
31.0 21.0
41.0 62.0
73.0 61.0
25.0 46.0
17.0 19.0
50.0 14.0
26.0 36.0
20.0 58.0
63.0 44.0
1.0 67.0
72.0 60.0
33.0 6.0
17.0 0.0
32.0 55.0
56.0 56.0
29.0 10.0
49.0 11.0
52.0 56.0
37.0 37.0
3.0 72.0
51.0 52.0
38.0 57.0
65.0 47.0
4.0 34.0
32.0 15.0
58.0 16.0
35.0 41.0
12.0 39.0
31.0 24.0
64.0 50.0
5.0 8.0
62.0 68.0
69.0 22.0
40.0 29.0
36.0 6.0
62.0 71.0
51.0 4.0
43.0 69.0
19.0 68.0
13.0 73.0
15.0 17.0
63.0 44.0
27.0 66.0
21.0 16.0
8.0 22.0
46.0 53.0
57.0 43.0
21.0 61.0
10.0 38.0
51.0 59.0
12.0 48.0
6.0 33.0
55.0 38.0
37.0 28.0
24.0 39.0
5.0 3.0
5.0 69.0
48.0 10.0
61.0 65.0
19.0 28.0
2.0 29.0
32.0 31.0
28.0 61.0
25.0 68.0
53.0 32.0
4.0 65.0
9.0 44.0
43.0 41.0
9.0 54.0
26.0 59.0
68.0 47.0
52.0 30.0
32.0 19.0
51.0 53.0
31.0 49.0
50.0 53.0
29.0 13.0
26.0 63.0
26.0 21.0
20.0 7.0
32.0 42.0
45.0 48.0
53.0 21.0
36.0 72.0
53.0 55.0
29.0 30.0
14.0 45.0
45.0 39.0
30.0 63.0
27.0 41.0
17.0 73.0
72.0 53.0
35.0 20.0
62.0 21.0
43.0 72.0
52.0 73.0
54.0 39.0
30.0 65.0
39.0 19.0
12.0 48.0
44.0 41.0
70.0 11.0
41.0 5.0
62.0 48.0
47.0 4.0
48.0 33.0
33.0 16.0
46.0 22.0
55.0 37.0
28.0 42.0
29.0 57.0
7.0 44.0
19.0 25.0
66.0 65.0
57.0 31.0
60.0 21.0
54.0 36.0
23.0 65.0
20.0 73.0
50.0 58.0
36.0 61.0
15.0 6.0
18.0 65.0
51.0 3.0
73.0 45.0
25.0 40.0
60.0 32.0
35.0 39.0
59.0 34.0
67.0 68.0
39.0 49.0
22.0 65.0
72.0 40.0
48.0 68.0
69.0 33.0
44.0 9.0
52.0 57.0
57.0 38.0
16.0 34.0
6.0 14.0
68.0 50.0
50.0 46.0
61.0 16.0
30.0 11.0
70.0 71.0
57.0 29.0
18.0 60.0
31.0 70.0
51.0 47.0
32.0 37.0
18.0 14.0
38.0 5.0
37.0 69.0
35.0 20.0
0.0 54.0
25.0 33.0
14.0 49.0
31.0 3.0
10.0 3.0
47.0 2.0
63.0 45.0
39.0 18.0
51.0 54.0
72.0 46.0
57.0 70.0
14.0 45.0
38.0 68.0
64.0 14.0
2.0 3.0
26.0 9.0
43.0 0.0
14.0 6.0
30.0 55.0
31.0 20.0
1.0 2.0
40.0 42.0
16.0 64.0
6.0 24.0
13.0 14.0
52.0 27.0
21.0 61.0
26.0 26.0
65.0 48.0
67.0 25.0
30.0 59.0
47.0 19.0
53.0 70.0
53.0 19.0
36.0 44.0
38.0 15.0
39.0 64.0
54.0 32.0
44.0 18.0
71.0 12.0
64.0 35.0
58.0 65.0
26.0 36.0
22.0 33.0
21.0 37.0
25.0 4.0
34.0 15.0
41.0 50.0
0.0 54.0
48.0 56.0
68.0 37.0
19.0 38.0
26.0 48.0
13.0 48.0
32.0 5.0
22.0 56.0
28.0 21.0
35.0 69.0
44.0 2.0
72.0 10.0
37.0 17.0
56.0 62.0
23.0 33.0
49.0 5.0
10.0 72.0
55.0 13.0
60.0 45.0
51.0 36.0
66.0 7.0
0.0 34.0
59.0 10.0
64.0 45.0
56.0 65.0
29.0 12.0
