2415853568
1114112000
1105723392
1109131264
1093664768
1091567616
1090519040
1109655552
1115160576
1077936128
1116209152
1088421888
1108344832
1090519040
1115160576
1118437376
1116995584
1111228416
1116340224
1103101952
1099956224
1110179840
1115422720
1116340224
1116209152
1101529088
1115422720
1116471296
1082130432
1109655552
1118437376
1088421888
1101004800
1110966272
1101004800
1110966272
1114374144
1099956224
1116209152
1116864512
1116864512
1116340224
1108869120
1110704128
1112276992
1099956224
1117388800
1116471296
1112801280
1099956224
1108344832
1077936128
1116995584
1104150528
1118044160
1116471296
1116340224
1113063424
1092616192
1118175232
1073741824
1110966272
1116602368
1118568448
1114374144
1111228416
1112014848
1114374144
1097859072
1099431936
1107296256
1077936128
1116471296
1109131264
1113325568
1065353216
1118437376
1112014848
1107820544
1088421888
1118175232
1117782016
1117126656
1114898432
1116471296
1086324736
1118568448
1098907648
1111228416
1102053376
1108344832
1117913088
1100480512
1113063424
1114112000
1095761920
1104150528
1096810496
1103101952
1112801280
1099431936
1118175232
1109393408
1110704128
1082130432
1114112000
1113849856
1094713344
1110179840
1115684864
1084227584
1077936128
1118044160
1097859072
1110704128
1115815936
1098907648
1115815936
1116733440
1086324736
1106247680
1116995584
1073741824
1109917696
1104674816
1118306304
1115815936
1110441984
1116078080
1099956224
1109131264
1118306304
1113325568
1110441984
1103101952
1116209152
1097859072
1105199104
1102577664
1114374144
1088421888
1113063424
1114898432
1115947008
1117257728
1115684864
1104674816
1116602368
1107820544
1099956224
1118437376
1112539136
1101529088
1118306304
1116864512
1116340224
1112014848
1097859072
1110441984
1118175232
1077936128
1093664768
1109655552
1116209152
1104674816
1110966272
1117388800
1115160576
1117126656
1082130432
1107296256
1111228416
1112539136
1109655552
1108082688
1099956224
1116340224
1116078080
1118175232
1077936128
1118437376
1117519872
1116995584
1110441984
1110704128
1086324736
1113849856
1091567616
1116471296
1111228416
0
1104150528
1116340224
1112539136
1103101952
1116209152
1114898432
1115815936
1116995584
1102577664
1108869120
1118568448
1116340224
1116340224
0
1116340224
1117388800
1093664768
1118437376
1093664768
1084227584
1108606976
1116078080
1105723392
1107820544
1117388800
1084227584
1116995584
1113063424
1104674816
1114636288
1113325568
1099956224
1065353216
1117388800
1106771968
1116471296
1117650944
1111490560
1090519040
1112539136
1097859072
1118175232
1116733440
1115422720
1109393408
1110179840
0
1118175232
1084227584
1103626240
1112539136
1111752704
1113849856
1113849856
1090519040
1104674816
1114374144
1118568448
1106247680
1106771968
1111752704
1113325568
1090519040
1107820544
1099431936
1106771968
1112801280
1103101952
1114112000
1104150528
1110704128
1086324736
1113063424
1117257728
0
1108082688
1115684864
1112539136
1084227584
1103626240
1114374144
1086324736
1106247680
1101529088
1098907648
1106247680
1104150528
1094713344
1116864512
1107296256
1096810496
1107558400
1113849856
1116995584
1116602368
1108869120
1100480512
1091567616
1114636288
1093664768
1116602368
1098907648
1101529088
1112276992
1108344832
1109917696
1107296256
1099956224
1116209152
1110441984
1117650944
1092616192
1116864512
1092616192
1084227584
1109917696
1117519872
1113587712
1114374144
1099431936
1107296256
1086324736
1107296256
1117257728
1117782016
1104150528
1077936128
1104674816
1096810496
1104150528
1094713344
1116078080
1110704128
1116995584
1104150528
1117126656
1114636288
1115160576
1109393408
1110966272
1105723392
1102577664
1098907648
1110441984
1116864512
1113063424
1109131264
1118175232
1114374144
1101529088
1115160576
1093664768
1116733440
1112801280
1090519040
1114374144
1104674816
1109917696
1115947008
1095761920
1112276992
1113849856
1103101952
1094713344
1109917696
1118437376
1108082688
1113587712
1105199104
1100480512
1118437376
1088421888
1077936128
1114898432
1110966272
1116995584
1116602368
1109917696
1116864512
1082130432
1116995584
1113587712
1106247680
1106771968
1084227584
1099956224
1086324736
1101529088
1110179840
1091567616
1103101952
1116602368
1095761920
1116733440
1116340224
1100480512
1114636288
1107820544
1116733440
1118306304
1113849856
1098907648
1118568448
1102053376
1077936128
1117650944
1104150528
1107820544
1103101952
1117650944
1113587712
1113325568
1117782016
1111228416
1104150528
1111490560
1107820544
1116471296
1110704128
1112539136
1111228416
1110179840
1099431936
1116340224
1110966272
1118306304
1101529088
1116209152
1103626240
1065353216
1117388800
1115160576
1115815936
1110441984
1073741824
1110966272
1117126656
1117913088
1092616192
1116733440
1113587712
1111490560
1115684864
1116078080
1115422720
1103626240
1106771968
1115947008
1101529088
1096810496
1109917696
1082130432
1090519040
1106771968
1112801280
1113849856
1116209152
1096810496
1117257728
1065353216
1102053376
1116471296
1105723392
1115815936
1109393408
1116340224
1103101952
1107296256
1116602368
1109131264
1088421888
1077936128
1109917696
1116995584
1102577664
1118437376
1107558400
1117388800
1114112000
1116733440
1099431936
1113063424
1116602368
1114636288
1102577664
1105199104
1104150528
1118175232
1077936128
1116209152
1102577664
1111490560
1118437376
1114898432
1116340224
1113587712
1099956224
1084227584
1108344832
1107296256
1113587712
1109917696
1092616192
1106247680
1102577664
1117388800
1115422720
1112276992
1110179840
1117519872
1118437376
1115684864
1108869120
1115422720
1115422720
1116733440
1117650944
1088421888
1107296256
1073741824
1116864512
1114374144
1110179840
1093664768
1091567616
1108082688
1116340224
1112801280
1102053376
1109131264
1103101952
1117519872
1110966272
1096810496
1115684864
1101004800
1107296256
1101004800
1116471296
1114112000
1116209152
1102053376
1115684864
1103101952
1109131264
1094713344
1117913088
1109655552
1110441984
1098907648
1107558400
1111228416
1115160576
1115947008
1117519872
1112801280
1105723392
1115684864
1116864512
1098907648
1110966272
1109655552
1086324736
1114898432
1100480512
1104150528
1104150528
1111752704
1117388800
1098907648
1117388800
1113063424
1108082688
1114898432
1114636288
1113849856
1116864512
1104674816
1110966272
1118306304
1105199104
1108344832
1107558400
1114636288
1116733440
1118568448
1112801280
1111490560
1116602368
1109655552
1108869120
1092616192
1110179840
1107558400
1095761920
0
1109655552
1118568448
1086324736
1113587712
1117126656
1102053376
1108344832
1090519040
1091567616
1100480512
1116995584
1116340224
1116471296
1105199104
1117650944
1108606976
1110966272
1090519040
1104150528
1099956224
1106771968
1108869120
1112539136
1117126656
1112276992
1102053376
1110179840
1094713344
1115160576
1092616192
1116602368
1099956224
1100480512
1097859072
1101004800
1077936128
1108344832
1109131264
1112276992
1098907648
1095761920
1118044160
1117650944
1118175232
1109917696
1073741824
1118568448
1108869120
1112539136
1110704128
1108869120
1102577664
1104674816
1111752704
1105199104
1104674816
1084227584
1108082688
1106247680
1101529088
1116471296
1088421888
1115947008
1116995584
1116995584
1091567616
1108606976
1082130432
1108344832
1101004800
1108082688
1104150528
1091567616
1112801280
1093664768
1118175232
1101004800
1114636288
1073741824
1112539136
1108344832
1105723392
1092616192
1105723392
1108082688
1103626240
1116864512
1099431936
1104674816
1094713344
1118306304
0
1113063424
1084227584
1093664768
1101004800
1108082688
1114898432
1099431936
1088421888
1116733440
1103626240
1117782016
1118175232
1088421888
1113849856
1115160576
1108606976
1093664768
1109131264
1116340224
1113849856
1099431936
1107820544
1112801280
1117257728
1108082688
1112801280
1099431936
1117519872
1112014848
1115684864
1118044160
1116995584
1106247680
1097859072
1106771968
1112539136
1117519872
1111752704
1113849856
1082130432
1104150528
1115422720
1099956224
1109917696
1114898432
1095761920
1107296256
1118437376
1096810496
1114636288
1112539136
1098907648
1082130432
1105723392
1111490560
1102053376
1117126656
1090519040
1084227584
1077936128
1109393408
1111490560
1093664768
1103101952
1098907648
1116864512
1112801280
1098907648
1104674816
1098907648
1116471296
1098907648
1112276992
1116995584
1117126656
1101529088
1112801280
1111490560
1099956224
1111228416
1109655552
1117782016
1077936128
1101529088
1099956224
1099431936
1092616192
1109131264
1117782016
0
1113063424
1101004800
1086324736
1116471296
1117257728
1086324736
1113325568
1102053376
1106771968
1112539136
1091567616
1118175232
1108082688
1104150528
1107820544
1110441984
1099431936
1103626240
1117126656
1118175232
1115815936
1107558400
1077936128
1105199104
1116471296
1097859072
1115684864
1088421888
1105199104
1112539136
1118044160
1116340224
1102577664
1107558400
1111228416
1100480512
1108082688
1115160576
1110441984
1117257728
1118175232
1073741824
1117388800
1109131264
1114898432
1106247680
0
1116864512
1115684864
1113849856
1086324736
1077936128
1109131264
1113587712
1114374144
1116602368
1105723392
1116864512
1117782016
1099956224
1117257728
1101529088
1091567616
1098907648
1107296256
1116602368
1073741824
1116733440
1105199104
1099956224
1099431936
1117913088
1113063424
1116864512
1106247680
1099431936
1101004800
1096810496
1065353216
1109917696
1115684864
1117257728
1110704128
1114636288
1108344832
1116864512
1113325568
1116078080
1094713344
1108869120
1103101952
1109131264
1115815936
1114112000
1101004800
1107558400
1114374144
1112801280
1102577664
1110704128
1090519040
1117782016
1107820544
1114112000
1103101952
1116209152
1112539136
1105199104
1115422720
1116995584
1113325568
1113587712
1090519040
1118568448
1101004800
1073741824
1114112000
1104674816
1107820544
1117913088
1065353216
1105199104
1118437376
1105723392
1108869120
1099431936
1110704128
1118175232
1098907648
1116995584
1105723392
1113063424
1118568448
1115947008
1107296256
1108606976
1105199104
1092616192
1105199104
1098907648
1114112000
1112801280
1095761920
1117650944
1117388800
1102053376
1090519040
1116340224
1110966272
1109393408
1095761920
1097859072
1095761920
1088421888
1113587712
1077936128
0
1108606976
1117519872
1105199104
1117782016
1115422720
1110966272
1082130432
1117519872
1114636288
1092616192
1118175232
1106247680
1116209152
1114636288
1101529088
1118568448
1114374144
1104150528
1091567616
1088421888
1108344832
1099431936
1098907648
1099431936
1114112000
1084227584
1117650944
1103101952
1114636288
1110179840
1112014848
1117782016
1118437376
1115422720
1118175232
1110441984
1096810496
1114374144
1114374144
1113325568
1102577664
1099956224
1097859072
1112014848
1101529088
1109655552
1118175232
1116602368
1088421888
1103101952
1099431936
1109655552
1116340224
1116340224
1116864512
1099431936
1084227584
1116864512
1110966272
1096810496
1117650944
1107558400
1103626240
0
1103101952
1110704128
1096810496
1105723392
1107558400
1088421888
1095761920
1086324736
1118437376
1091567616
1093664768
1102577664
1112539136
1073741824
1109655552
1101529088
1116471296
1118175232
1116209152
1110704128
1107558400
1109655552
1111228416
1112539136
1082130432
1109393408
1096810496
1116733440
1108869120
1094713344
1118568448
1110966272
1117913088
1108344832
1110441984
1107558400
1077936128
1116995584
1112276992
1116602368
1104674816
1111228416
1116078080
1112276992
1094713344
1115160576
1097859072
1114112000
1073741824
1116995584
1118568448
1118175232
1118568448
1111752704
1115947008
1091567616
1109393408
1107820544
1106247680
1111490560
1105199104
1077936128
1111228416
1099431936
1097859072
1114898432
1114898432
1104674816
1108344832
1116995584
1106247680
1096810496
1082130432
1106247680
1111752704
1097859072
1117257728
1116078080
1117519872
1117650944
1108344832
1118044160
1114112000
1109655552
1113063424
1094713344
1111490560
1116471296
1110966272
1096810496
1117782016
1090519040
1112276992
1116864512
1116209152
1097859072
1107820544
1117257728
1110441984
1116864512
1101529088
1088421888
1107296256
0
1107296256
1108082688
1116864512
1118568448
1116209152
1096810496
1114374144
1099956224
1112014848
1112014848
1114636288
1102053376
1110704128
1117126656
1084227584
1113063424
1073741824
1101529088
1108606976
1116209152
1107820544
1101529088
1105723392
1116340224
1113849856
1110179840
1116864512
1092616192
1113063424
1077936128
1118306304
1117913088
1099956224
1095761920
1101529088
1111228416
1115815936
1105199104
1107820544
1082130432
1077936128
1065353216
1116340224
1103101952
1110441984
1110179840
1110179840
1115684864
1116864512
1116995584
1091567616
1099956224
1116733440
1106247680
1073741824
1101529088
1113325568
1108606976
1112276992
1116602368
1109393408
1101529088
1114898432
1090519040
1107820544
1114636288
1110704128
1065353216
1099956224
1116864512
1103626240
1117388800
1118175232
1112014848
1098907648
1114636288
1109131264
1118437376
1106247680
1116864512
1109393408
1116340224
1108606976
0
1098907648
1114898432
1109393408
1116602368
1112801280
1114112000
1093664768
1097859072
1091567616
1115422720
1107296256
1098907648
1113587712
1107296256
1109655552
1117650944
1115815936
1114636288
1106247680
1118437376
1113063424
1105723392
1116209152
1112014848
1113849856
1112014848
1102053376
1116209152
1111228416
1114374144
1107296256
1109917696
1117257728
1112539136
1118437376
1114374144
1065353216
0
1102053376
1118175232
1116471296
1116340224
1103626240
1090519040
1101004800
1098907648
1116340224
1111228416
1113587712
1113849856
1116602368
1098907648
1116471296
1106247680
1102053376
1115160576
1108869120
1118306304
1109393408
1117126656
1111490560
1115815936
1118568448
1104150528
1117913088
1108082688
1065353216
1097859072
1091567616
1118175232
1118437376
1103626240
1100480512
1095761920
1117782016
1109655552
1116995584
1107820544
1108606976
1117519872
1113063424
1090519040
1112539136
1113063424
1086324736
1114374144
1117126656
1110704128
1109393408
0
1107820544
1101529088
1110179840
1092616192
1092616192
1116078080
1106771968
1116340224
1116340224
1117388800
1098907648
1116209152
1114636288
1102577664
1117913088
1117650944
1077936128
1107820544
1109393408
1117519872
1114112000
1108344832
1112014848
1116602368
1110179840
1111490560
1104150528
1115422720
1111490560
1115684864
1086324736
1114636288
1100480512
1116340224
1117913088
1104150528
1084227584
1114898432
1091567616
1109131264
1116602368
1106247680
1101529088
1096810496
1104674816
1109917696
1106247680
1117257728
1107820544
1113325568
1110441984
1090519040
1082130432
1116864512
1095761920
1110441984
1094713344
1099956224
1117519872
1107296256
1108869120
1094713344
1113325568
1110179840
1103101952
1114898432
1104674816
1100480512
1114636288
1118568448
1117388800
1113063424
1116471296
1088421888
1092616192
1113587712
1099956224
1113063424
1065353216
1110179840
1116733440
1118044160
1091567616
1115160576
1115422720
1117388800
1116471296
1113587712
1106771968
1109393408
1118306304
1084227584
1097859072
1109393408
1110441984
1116995584
1117782016
1115684864
1098907648
1117388800
1109655552
1118306304
1117650944
1112014848
1110966272
1104674816
1116340224
1114636288
1111490560
1117257728
1094713344
1111228416
1117388800
1096810496
1106247680
1112014848
1112539136
1086324736
1084227584
1112014848
1116078080
1113063424
1110704128
1105723392
1094713344
1118306304
1116602368
1118437376
1116078080
1114898432
1116864512
1104150528
1118306304
1109393408
0
1115815936
1099431936
1065353216
1106247680
1097859072
1084227584
1101529088
1116340224
1109655552
1094713344
1091567616
1108869120
1088421888
1113325568
1110441984
1112539136
1109655552
1118568448
1112276992
1117650944
1099431936
1109393408
1117913088
1115947008
1106247680
1116733440
1116209152
1112014848
1115815936
1099956224
1118175232
1117650944
1109917696
1086324736
1110179840
1117913088
1101529088
1104674816
1107296256
1109917696
1116602368
1088421888
1100480512
1108082688
1118306304
1106247680
1102577664
1111490560
1073741824
1107296256
1118175232
1117126656
1116078080
1116864512
1118568448
1115160576
1086324736
1102053376
1114374144
1115947008
1109917696
1110179840
1097859072
1084227584
1117519872
1116733440
1077936128
1107820544
1117913088
1109655552
1118306304
1113063424
1110441984
1114374144
1109655552
1103101952
1116602368
1114112000
1105723392
1111752704
1117126656
1114374144
0
1107296256
1109655552
1108344832
1084227584
1110704128
1099956224
1065353216
1112539136
1109917696
1112539136
1099431936
1113587712
1109131264
1090519040
1118044160
1105199104
1118568448
1077936128
1102577664
1116864512
1118568448
1115422720
1077936128
1114636288
1114374144
1096810496
1104150528
1117519872
1118568448
1096810496
1107820544
1102053376
1098907648
1118437376
1106771968
1082130432
1116602368
1117257728
1117913088
1116864512
1106247680
1115684864
1099956224
1107558400
1111228416
1107558400
1117388800
1109131264
1107558400
1077936128
1117126656
1090519040
1113849856
1117519872
1084227584
1107558400
1103626240
1106771968
1116209152
1109655552
1097859072
1107558400
1065353216
1106247680
1102053376
1065353216
1065353216
1117388800
1112801280
1095761920
1104150528
1115947008
1115160576
1112801280
1091567616
1117388800
1103626240
1107558400
1111752704
1112801280
1108869120
1104674816
1104674816
1116864512
1104150528
1098907648
1096810496
1105199104
1118175232
1118175232
1107296256
1116864512
1111228416
1109393408
1117126656
1109393408
1103101952
1095761920
1118044160
1095761920
1094713344
1107820544
1118306304
1118044160
1116340224
1097859072
1099431936
1104674816
1108344832
1114112000
1116602368
1117257728
1109655552
1108082688
1097859072
1088421888
1108606976
1116995584
1117782016
1111228416
1116733440
1116471296
1116471296
1093664768
1117650944
1116602368
1114898432
1115947008
1116471296
1098907648
1106247680
1111490560
1118568448
1109655552
1108869120
1113587712
1117126656
1108082688
1093664768
1094713344
1113849856
1101529088
1116602368
1113063424
1101004800
1118568448
1111228416
1099431936
1115947008
1088421888
1073741824
1108082688
1108082688
1113587712
1116078080
1094713344
1113587712
1116995584
1107296256
1107820544
1103101952
1110704128
1113587712
1117650944
1082130432
1107558400
1115422720
1096810496
1113849856
1096810496
1112801280
1115422720
1105723392
1093664768
1104150528
1112801280
1093664768
1091567616
1111228416
1091567616
1118044160
1117257728
1116340224
1113063424
1117126656
1118306304
1107296256
1117913088
1102053376
1073741824
1114636288
1115947008
1106247680
1116602368
1103626240
1086324736
1110179840
1093664768
1107820544
1109655552
1098907648
1115160576
1118568448
1117388800
1108869120
1112539136
1112014848
1110704128
1106247680
1116602368
1116733440
1104674816
1117519872
1114112000
1113325568
1106247680
1077936128
1115160576
1111490560
1116209152
1118306304
1117126656
1115422720
1116340224
1101529088
1115815936
1109393408
1107296256
1105723392
1116340224
1092616192
1111490560
1107820544
1118044160
1108082688
1091567616
1084227584
1084227584
1097859072
1116209152
1118175232
1115160576
1098907648
1117782016
1095761920
1117913088
1077936128
1098907648
1112014848
1118306304
1118437376
1118175232
1099431936
1109131264
1118437376
1109131264
1117388800
1116995584
1109917696
1112014848
1096810496
1111228416
1073741824
1111228416
1112539136
1114112000
1117388800
1116733440
1118044160
1109655552
1103101952
1113587712
1118044160
1109131264
1116078080
1104674816
1095761920
0
1096810496
1084227584
1100480512
1109131264
1107558400
1107296256
1107820544
1110966272
1102053376
1113325568
1108082688
1098907648
1114112000
1118306304
1104674816
1117257728
1112801280
1117257728
1090519040
1115947008
1110179840
1115947008
1107558400
1118306304
1117782016
1105199104
1092616192
1117913088
1106247680
1105723392
1077936128
1117126656
1118175232
1099431936
1103101952
1098907648
1108344832
1095761920
1109393408
1065353216
1109917696
1113587712
1104674816
1086324736
1101529088
1116864512
1090519040
1112276992
1096810496
1104674816
1117257728
1116209152
1116995584
1082130432
1107820544
1077936128
1103101952
1116209152
1110966272
1110179840
1116078080
1112539136
1112539136
1088421888
1112801280
1110179840
1117519872
1099956224
1094713344
1105199104
1114374144
1113325568
1109393408
1102053376
1105199104
1117388800
1097859072
1116864512
1115160576
1116602368
1116995584
1111752704
1112276992
1092616192
1102053376
1093664768
1088421888
1108869120
1117126656
1104674816
1097859072
1116864512
1101529088
1117782016
1082130432
1088421888
1111228416
1093664768
1114112000
1109131264
1112801280
1118437376
1099431936
1105723392
1118175232
1082130432
1093664768
1109393408
1101529088
1115160576
1113587712
1095761920
1108344832
1077936128
1097859072
1101529088
1097859072
1104150528
1110441984
1107558400
1117519872
1108869120
1077936128
1115160576
1110179840
1094713344
1118306304
1109131264
1116340224
1116602368
1107820544
1103626240
1107820544
1086324736
1118568448
1116602368
1073741824
1115815936
1106247680
1116602368
1096810496
1117388800
1097859072
1106247680
1108869120
1110966272
1108606976
1116340224
1113849856
1117257728
1116340224
1114112000
1118175232
1114636288
1118306304
1092616192
1117388800
1117257728
1118175232
1116995584
1113063424
1116471296
1084227584
1110966272
1092616192
1095761920
1109917696
1107296256
1105199104
1111752704
1115684864
1107558400
1099956224
1094713344
0
1118568448
1115160576
1093664768
1109393408
1065353216
1102053376
1117650944
1109131264
1105199104
1114374144
1114374144
1112014848
1117388800
1109655552
1117782016
1107820544
1108344832
1097859072
1082130432
1110704128
1118175232
1117257728
1118568448
1114374144
1065353216
1112276992
1118044160
1090519040
1116340224
1107558400
1108344832
1112539136
1111228416
1115815936
1107820544
1114898432
1116602368
1100480512
1112014848
1108082688
1109655552
1116209152
1117519872
1110704128
1073741824
1108344832
1106247680
1116340224
1086324736
1104674816
1116078080
1100480512
1105199104
1113063424
1103626240
1115422720
1115815936
1106247680
1116209152
1112539136
1090519040
1114898432
1111752704
1115815936
1110179840
1110179840
1092616192
1109655552
1117519872
1118437376
1092616192
1111752704
1112539136
1114374144
1099431936
1108869120
1108082688
1093664768
1113063424
1099431936
1118306304
1114374144
1112801280
1115160576
1117388800
1101529088
1111752704
1114898432
1095761920
1065353216
1097859072
1084227584
1103626240
1115947008
1108344832
1116078080
1084227584
1113325568
1101004800
0
1113063424
1108344832
1116078080
1116733440
1114636288
1110179840
1112276992
1116602368
1118306304
1118437376
1108869120
1094713344
1116602368
1111752704
1105199104
1111752704
1094713344
1112801280
1098907648
1109917696
1116209152
1093664768
1118175232
1065353216
1095761920
1115422720
1109917696
1114898432
1117650944
1115947008
1094713344
1115160576
1086324736
1110179840
0
1116995584
1109917696
1091567616
1112801280
1117126656
1108606976
1114898432
1111228416
1073741824
1099956224
1116340224
0
1111490560
1109917696
1118437376
1102053376
1108606976
1105199104
1113325568
1110966272
1114112000
1114374144
1111228416
1107820544
1095761920
1117650944
1112539136
1093664768
1115947008
1073741824
1108082688
0
1109917696
1097859072
1117388800
1111490560
1110966272
1115684864
1111490560
1116209152
1117650944
1109131264
1103101952
1101529088
1111752704
1115422720
1117126656
1082130432
1101004800
1112276992
1115422720
1093664768
1118175232
1109131264
1112539136
0
1116078080
1112014848
1110704128
1111490560
1105723392
1107558400
1112801280
1114636288
1104674816
1113325568
1114112000
1114636288
1099431936
1095761920
1114636288
1108606976
1107820544
1110704128
1117913088
1099956224
1113849856
1114374144
1112014848
1116340224
1109655552
1117782016
1103626240
1113849856
1118437376
1116078080
1102577664
1110179840
1113325568
1102577664
1115160576
1108606976
1099956224
1107558400
1109393408
1118437376
1113063424
1117257728
1116209152
1110179840
1104674816
1077936128
1112276992
1111490560
1118306304
1114112000
1106247680
1113587712
1107296256
1116864512
1117126656
1118175232
1096810496
1111752704
1109393408
1084227584
1096810496
1116078080
1098907648
1113063424
1110179840
0
1116209152
1077936128
1093664768
1098907648
1100480512
1117257728
1116209152
1107296256
1116602368
1104674816
1105199104
1084227584
1105723392
1117913088
1116471296
1118306304
1113063424
1088421888
1117388800
1092616192
1104674816
1114112000
1117913088
1110441984
1088421888
1117782016
1111490560
1110704128
1117388800
1108082688
1098907648
1113587712
1108344832
1105199104
1100480512
1082130432
1108082688
1112539136
1099956224
1106247680
1093664768
1098907648
1091567616
1091567616
1065353216
1115684864
1110704128
1109393408
1112539136
1108606976
1105199104
1090519040
1092616192
1106771968
1114898432
1077936128
1116471296
1107296256
1116471296
1099431936
1108606976
1118044160
1093664768
1103626240
1116602368
1109655552
1116995584
1065353216
1113587712
1115422720
1104150528
1118437376
1108344832
1112539136
0
1090519040
1086324736
1118175232
1111228416
1113325568
0
1115815936
1118568448
1114112000
1108344832
1082130432
1065353216
1118306304
1097859072
1112276992
1113849856
1116471296
1117519872
1109131264
1114374144
1117650944
1095761920
1107296256
1095761920
1102577664
1116733440
1110966272
1096810496
1117257728
1073741824
1117519872
1113587712
1094713344
1065353216
1065353216
1107558400
1115815936
1104674816
1106247680
1113063424
1115947008
1105723392
1117913088
1073741824
1117650944
1117913088
1086324736
1108082688
1114636288
1117126656
1093664768
1111752704
1108344832
1096810496
1108869120
1114374144
1116340224
1110441984
1111490560
1118568448
1116602368
1110179840
0
1115160576
1112801280
1082130432
1118568448
1110704128
1117257728
1091567616
1110441984
1091567616
1107296256
1112014848
1109655552
1115422720
1109393408
0
1091567616
1099956224
1116733440
1090519040
1116209152
1114636288
1084227584
1102053376
1108344832
1114374144
1113849856
1114898432
1115422720
1086324736
1073741824
1110441984
1109131264
1098907648
1118044160
1107820544
1115815936
1073741824
1116340224
1117913088
1114636288
1109131264
1102577664
1113325568
0
1117126656
1065353216
1117257728
1110704128
1116733440
1110704128
1065353216
1105199104
1113849856
1117126656
1110441984
1116340224
1112539136
1114374144
1108344832
1115815936
1117257728
1112276992
1104150528
1082130432
1109131264
1104674816
1117519872
1086324736
1096810496
1115684864
1118044160
1103626240
1111228416
1104674816
1110441984
1088421888
1118437376
1102053376
1086324736
1116340224
1115815936
1117519872
1117257728
1101529088
1090519040
1113849856
1090519040
1099431936
1065353216
1111752704
1118044160
1097859072
1117126656
1073741824
1110179840
1108606976
1099956224
1113325568
1112014848
1108344832
1106771968
1104674816
1110441984
1112014848
1112014848
1101004800
1117519872
1108344832
1110704128
1116340224
1095761920
1114636288
1106771968
1115160576
1106247680
1114374144
1114374144
1109917696
1102577664
1117913088
1082130432
1092616192
1092616192
1096810496
1100480512
1110704128
1113587712
1116602368
1109655552
1110179840
1115422720
1116078080
1112539136
1090519040
0
1116078080
1091567616
1113325568
1113325568
1112276992
1101004800
1116995584
1103626240
1113325568
1113063424
1101529088
1082130432
1116995584
1106247680
1110704128
1105723392
0
1111752704
1114636288
1108606976
1108869120
1115947008
1117782016
1115160576
1109917696
1101529088
1115422720
1107558400
1118175232
1113063424
1086324736
1115422720
1104674816
1115947008
1115422720
1118568448
1114636288
1104150528
1116471296
1091567616
1108344832
1104150528
1108606976
1115160576
1115160576
1105723392
1118306304
1109393408
1108082688
1105199104
1116209152
1101529088
1108606976
1092616192
1110179840
0
1117257728
1117388800
1104150528
1106247680
1116995584
1104150528
1114898432
1118306304
1118437376
1113587712
1112801280
1115160576
1077936128
1113063424
1107558400
1111228416
1116340224
1105723392
1118044160
1105199104
1118175232
1117913088
1102053376
1096810496
1095761920
1108869120
1105199104
1108344832
1099431936
1116078080
1112014848
1118568448
1099431936
1113587712
1104150528
1105723392
1108606976
1099956224
1099956224
1110966272
1118044160
1111228416
1108344832
1082130432
1110966272
1116995584
1098907648
1091567616
1077936128
1104150528
1114898432
1112014848
1088421888
1104150528
1091567616
1093664768
1086324736
1096810496
1086324736
1114112000
1115947008
1110441984
1117782016
1116209152
1097859072
1118175232
1107558400
1090519040
1065353216
1096810496
1114112000
1073741824
1110441984
1117519872
1065353216
1107558400
1112539136
1088421888
1100480512
1108869120
1105199104
1094713344
1090519040
1115160576
1088421888
1101529088
1107558400
1113849856
1086324736
1112014848
1073741824
1105723392
1109655552
1117782016
1096810496
0
1117650944
1093664768
1095761920
1092616192
1116733440
1116340224
1093664768
1110704128
1094713344
1116078080
1118044160
1118044160
1108606976
1082130432
1095761920
1117782016
1115815936
1116733440
1108606976
1113587712
1110179840
1073741824
1117126656
1107558400
1115815936
1105199104
1114898432
1084227584
1090519040
1115815936
1082130432
1109131264
1094713344
1114112000
1109131264
1109393408
1084227584
1110441984
1105723392
1117782016
1111228416
1113849856
1102053376
1109393408
1101529088
1094713344
1116602368
1102577664
1116733440
1103101952
1113849856
1117257728
1108344832
1102053376
1115160576
1073741824
1088421888
1095761920
1093664768
1118044160
1102577664
1117913088
1109917696
1116471296
1086324736
1118175232
1102577664
1112801280
1107296256
1113849856
1117913088
1109131264
1092616192
1118044160
1113849856
1065353216
1091567616
1094713344
1117650944
1114374144
1109131264
1094713344
1117388800
1113587712
1118437376
1116078080
1103626240
1117126656
1116340224
1116995584
1113063424
1099431936
1117519872
1098907648
1110966272
1106247680
1102053376
1116078080
1108606976
1113063424
1118044160
1106247680
1106771968
1099956224
1111752704
1110179840
1116209152
1065353216
1082130432
1106247680
1110704128
1098907648
1116209152
1106771968
1091567616
1104150528
1115422720
1086324736
1105723392
1104674816
1115947008
1099431936
1116602368
1115422720
1103626240
1117388800
1117650944
1109655552
1109655552
1118437376
1086324736
1100480512
1101529088
1106771968
1109131264
1102577664
1084227584
1115815936
1105199104
1117782016
1097859072
1113587712
1099431936
1113063424
1108606976
1107820544
1073741824
1110179840
1099431936
1108869120
1115947008
1114898432
1101004800
1108606976
1105199104
1116733440
1102053376
1092616192
1107820544
1065353216
0
1115422720
1065353216
1093664768
1109655552
1099956224
1099431936
1084227584
1099956224
1084227584
1109131264
1094713344
1117388800
1118568448
1098907648
1109917696
1091567616
1109393408
1108869120
1108606976
1104674816
1091567616
1107820544
1118175232
1106771968
1107558400
1082130432
1117257728
1116078080
1118044160
1108606976
1092616192
1109393408
1108344832
1115160576
1106771968
1117519872
1111752704
1099956224
1094713344
1109131264
1109655552
1116733440
1116078080
1112276992
1099431936
1117519872
1107296256
1108606976
1077936128
1101529088
1113587712
1082130432
1101004800
1116864512
1112276992
1099956224
1110441984
1103626240
1088421888
1065353216
1099956224
1090519040
1116340224
1118306304
1117519872
1091567616
1102577664
1084227584
1106247680
1109131264
1105199104
1095761920
1109917696
1103101952
1116733440
1111228416
1115160576
1104674816
1077936128
1107820544
0
1115815936
1099431936
1093664768
1116209152
1103101952
1111490560
1116995584
1115684864
1113587712
1114898432
1099956224
1110966272
1098907648
1108606976
1105723392
1115160576
1115815936
1097859072
1118568448
1110966272
1107296256
1118437376
1106247680
1106247680
1118044160
1117257728
1100480512
1117257728
1115684864
1112276992
1107820544
1065353216
1109393408
1108606976
1116078080
1113849856
1086324736
1102053376
1111752704
1116471296
1101529088
1102577664
1065353216
1095761920
1095761920
1108606976
1099431936
1113849856
1084227584
1112539136
1115160576
1117519872
1114374144
1107296256
1111752704
1118044160
1116995584
1088421888
1115815936
1094713344
1116340224
1103626240
1115815936
1104150528
1097859072
1115684864
1109131264
1115160576
1115160576
1103101952
1116471296
1118306304
1113587712
1113325568
1113063424
1117913088
1117388800
1110966272
1086324736
1106771968
1111490560
1117388800
1116864512
1116078080
1117913088
1108082688
1088421888
1116864512
1113063424
1115160576
1109131264
1082130432
1096810496
1073741824
1115684864
1116471296
1109917696
1118437376
1101529088
1097859072
1111752704
1117257728
1077936128
1115815936
1095761920
1114636288
1099956224
1117257728
1114112000
1093664768
1105199104
1110441984
1097859072
1104150528
1116602368
1116864512
1115947008
1113849856
1116471296
1117650944
1107558400
1077936128
1114374144
1116209152
1092616192
1116209152
1117126656
1101004800
1116602368
1077936128
1111228416
1099431936
1118044160
1118044160
1115160576
1105199104
1116340224
1118306304
1101004800
1116602368
1101529088
1118044160
1100480512
1108606976
1113063424
1097859072
1110966272
1113587712
1112801280
1104150528
1117519872
1107558400
1116471296
1116471296
1114112000
1116340224
1118175232
1116078080
1108869120
1115815936
1111490560
1116602368
1107558400
1110704128
1110179840
1115684864
1101529088
1108344832
1118175232
1107820544
1112276992
1118306304
1088421888
1118306304
1113325568
1116209152
1112014848
1110704128
1109917696
1116471296
1106771968
1101529088
1112276992
1112014848
1114898432
1117782016
1108869120
1110966272
1112801280
0
1115684864
1107558400
1115815936
1073741824
1113325568
1073741824
1117388800
1118044160
1117519872
1116733440
1117913088
1106247680
1107558400
1112014848
1107296256
1116733440
1109655552
1111490560
1116733440
1115815936
1108082688
1116471296
1065353216
1108606976
1118044160
1117257728
1112539136
1114374144
1114374144
1090519040
1117257728
1097859072
1109655552
1108869120
1095761920
1111490560
1082130432
1106247680
1116471296
1116864512
1115947008
1095761920
1102053376
1115422720
1097859072
1110179840
1082130432
1111490560
1115815936
1116471296
1108606976
1102577664
1077936128
1108082688
1115947008
1116864512
1102577664
1096810496
1095761920
1096810496
1102053376
1100480512
1097859072
1110704128
1091567616
1104674816
1101004800
1117388800
1116471296
1112539136
1091567616
1077936128
1118306304
1093664768
1117126656
1116864512
1115684864
1113063424
1116340224
1109917696
1107296256
1103101952
1107296256
1112276992
1113587712
1118568448
1102053376
1117650944
1117257728
1107820544
1115815936
1108606976
1117519872
1082130432
1116864512
1107820544
1098907648
1103101952
1117650944
1116864512
1107820544
1106247680
1091567616
1106771968
1094713344
1117388800
1104674816
1115160576
1105723392
1112801280
1099431936
1109917696
1113325568
1086324736
1116078080
1113849856
1077936128
1103101952
1118044160
1086324736
1112276992
1093664768
1115160576
1101529088
0
1099431936
1108606976
1093664768
1115947008
1107820544
1110179840
1112539136
1102053376
1107820544
1104674816
1115947008
1086324736
1116340224
1103626240
1099431936
1108869120
1113325568
1111752704
1113063424
1116995584
1117519872
1101529088
1113063424
1106771968
1104674816
1117126656
1112014848
1113063424
1091567616
1094713344
1109917696
1077936128
1100480512
1092616192
1115815936
1115947008
1077936128
1110704128
1112276992
1097859072
1114112000
1105199104
1077936128
1091567616
1116864512
1113325568
1118568448
1114374144
1110966272
1110179840
1108082688
1116733440
1117782016
1105199104
1088421888
1099956224
1111752704
1118568448
1108082688
1107296256
1106771968
1109917696
1118044160
1088421888
1109131264
1106247680
1118437376
1114374144
1113587712
1118437376
1093664768
1103626240
1102053376
1077936128
1103101952
1101529088
1116209152
1065353216
1111752704
1112539136
1107296256
1106247680
1109655552
1090519040
1116471296
1106247680
1114636288
1118437376
1115160576
1116602368
1102577664
1118437376
1114112000
1113587712
1102053376
1103101952
1088421888
1099431936
1111490560
1109131264
1109393408
1101004800
1116340224
1114636288
1118306304
1114898432
1109393408
1084227584
1084227584
1115815936
1103626240
1073741824
1108606976
1116864512
1118044160
1109917696
1109917696
1102577664
1113849856
1107558400
1095761920
1115947008
1111752704
1107820544
1109131264
1114898432
1116864512
1118175232
1110441984
1094713344
1114112000
1117257728
1093664768
1116864512
1109655552
1096810496
1108606976
1116340224
1117519872
1109131264
1073741824
1117782016
1088421888
1112014848
1092616192
1110704128
1092616192
1118175232
1114898432
1103101952
1117913088
1115947008
1109917696
1116471296
1105199104
1111490560
1113063424
1101004800
1108869120
1110441984
1108869120
1107296256
1105723392
1118044160
1111228416
1118044160
1102053376
1104150528
1108606976
1112801280
1111752704
1113063424
1110966272
1088421888
1117126656
1117257728
1115684864
1116078080
1095761920
1106771968
1092616192
1088421888
1112276992
1112014848
1115422720
1110179840
1098907648
1088421888
1104674816
1116340224
1116864512
1073741824
1111228416
1108869120
1107296256
1082130432
1118568448
1116209152
1112014848
1118568448
1112801280
1111490560
1108606976
1094713344
1088421888
1096810496
1065353216
1113325568
1113325568
1116209152
1114636288
1073741824
1117519872
1095761920
1106771968
1107558400
1112276992
1100480512
1116864512
1101529088
1065353216
1115684864
1116340224
1114112000
1116471296
1101529088
1116733440
1108869120
1117519872
1102053376
1117257728
1107820544
1100480512
1118437376
1115947008
1112539136
1116995584
1108344832
1116471296
1084227584
1065353216
1118044160
1096810496
1117782016
1097859072
1117519872
1117650944
1092616192
1096810496
1104674816
1090519040
1115684864
1095761920
1093664768
1113325568
1082130432
1088421888
1107820544
1093664768
1108606976
1105723392
1102577664
1117913088
1110966272
1108869120
1105199104
1102577664
1099431936
1101529088
1110441984
1101004800
1093664768
1092616192
1102053376
1116733440
1106771968
1095761920
1103101952
1108869120
1114898432
1097859072
1108344832
1082130432
1106247680
1116209152
1105723392
1077936128
1110704128
1118044160
1112014848
1107558400
1077936128
1090519040
1113063424
1109393408
1082130432
1115684864
1117913088
1114374144
1065353216
1099431936
1117519872
1113849856
1116078080
1112014848
1094713344
1117257728
1107820544
1104674816
1073741824
1105199104
1116864512
1108082688
1116864512
1112014848
1111490560
1117650944
1115815936
1094713344
1103626240
1094713344
1109917696
1111752704
1103626240
1115160576
1116733440
1099431936
1105723392
1112014848
1117126656
1107296256
1101004800
1115422720
1110441984
1108082688
1104150528
1116471296
1092616192
0
1116733440
1112539136
1110966272
1106247680
1114374144
1102577664
1117388800
0
1112276992
1116864512
1115684864
1109131264
1065353216
1109393408
1118175232
1100480512
1114374144
1097859072
1113325568
1115160576
1117257728
1101004800
1099956224
1111752704
1116209152
1117126656
1108606976
1099956224
1117650944
1113587712
1118175232
1104150528
1116340224
1108606976
1109131264
1105199104
1113325568
1116209152
1112014848
1114898432
1113849856
1107820544
1109917696
1114636288
1091567616
1113849856
1104674816
1116471296
1086324736
1116078080
1097859072
1116602368
1115947008
1112801280
1118044160
1082130432
1118044160
1073741824
1105723392
1104674816
1117650944
1117913088
1091567616
1099431936
1082130432
1108869120
1117388800
1099956224
1115947008
1093664768
1109655552
1116340224
1102577664
1104674816
1098907648
1116471296
1112276992
1109917696
1117388800
1117650944
1113325568
1110441984
1108344832
1108082688
1109917696
1116733440
1111752704
1102053376
1114636288
1118437376
1114112000
1116602368
1094713344
1115160576
1101004800
1117913088
1118306304
1102053376
1094713344
1073741824
1112539136
1110704128
1118568448
1116602368
1110966272
1091567616
1117257728
1115422720
1090519040
1114636288
1113587712
1115422720
1116864512
1116733440
1107558400
1094713344
1116995584
1117257728
1086324736
1107558400
1107558400
1106771968
1115815936
1109917696
1098907648
1110704128
1095761920
1109393408
1114374144
1086324736
1112539136
1097859072
1110966272
1109131264
1098907648
1097859072
1105199104
1110441984
1118568448
1097859072
1091567616
1118306304
1102053376
1100480512
1117388800
1116995584
1088421888
1115947008
1073741824
1104674816
1111752704
1111228416
1112801280
1091567616
1117519872
1114374144
1090519040
1118568448
1107820544
0
1091567616
1116602368
1109655552
1106247680
1106247680
1095761920
1116078080
1109917696
1084227584
1111752704
1101529088
1104150528
1116864512
1110441984
1108344832
1109917696
1108082688
1094713344
1090519040
1113063424
1115422720
1112276992
1106247680
1117913088
1116471296
1117388800
1115947008
1084227584
1105199104
1108606976
1117782016
1116864512
1103626240
1106771968
1111228416
1116864512
1118306304
1094713344
1102053376
1113849856
1110966272
1073741824
1109655552
1114636288
1116864512
1090519040
1101004800
1112801280
1095761920
1103101952
1090519040
1117650944
1090519040
1118306304
1108869120
1091567616
1106771968
1117388800
1117257728
1116209152
1100480512
1118568448
1095761920
1114898432
1106771968
1109393408
1084227584
1116471296
1108869120
1084227584
1110704128
1103101952
1113849856
1103101952
1118044160
1114636288
1109131264
1116864512
1104674816
1111490560
1065353216
1109917696
1115815936
1110966272
1099431936
1115815936
1105723392
1117388800
1109393408
1108869120
1113325568
1100480512
1106247680
1116340224
1108344832
1098907648
1117519872
1107820544
1117650944
1082130432
1099956224
1116209152
1084227584
1094713344
1112014848
1109917696
1102053376
1116471296
1111752704
1093664768
1086324736
1099956224
1077936128
1117126656
1098907648
1117388800
1117913088
1105723392
1109917696
1086324736
1114898432
1116340224
1094713344
1105723392
1116340224
1116340224
1092616192
1107820544
1110441984
1106771968
1107820544
1090519040
1112801280
1115422720
1099431936
1109393408
1077936128
1077936128
1107820544
1117782016
1118437376
1106247680
1113325568
1094713344
1114898432
1113587712
1117913088
1086324736
1112539136
1109917696
1065353216
1088421888
1077936128
1073741824
1117782016
1108082688
1088421888
1077936128
1114636288
1115422720
1065353216
1113587712
1109393408
1116864512
1113849856
1115815936
1115160576
1114636288
1118306304
1106247680
1086324736
1082130432
1110441984
1114898432
1082130432
1115160576
1110179840
1099956224
1117126656
0
1109917696
1073741824
1107558400
1108869120
1105199104
1110441984
1105199104
1090519040
1116995584
1092616192
1117126656
1091567616
1114112000
1117650944
1105723392
1111752704
1115160576
1108869120
1099431936
1105723392
1118175232
1113849856
1110179840
1118044160
1114112000
1082130432
1104674816
1114636288
1117257728
1103626240
1118044160
1115815936
0
1073741824
1117650944
1106247680
1116602368
1108344832
1109655552
1113849856
1115947008
1105723392
1107820544
1109917696
0
1109393408
1073741824
1114374144
1103101952
1109917696
1104674816
1107820544
1118306304
1111752704
1118175232
1116340224
1118306304
1108082688
1114898432
1101004800
1116471296
1116864512
1100480512
1112539136
1096810496
1113587712
1097859072
1117913088
1092616192
1111752704
1073741824
1082130432
1095761920
1109917696
1108344832
1117126656
1115947008
1104674816
1117913088
1116864512
1108082688
1114636288
1095761920
1104674816
1116471296
1113587712
1110966272
1115684864
1113849856
1099431936
1093664768
1102577664
1077936128
1118568448
1117257728
1115815936
1116078080
1107296256
1073741824
1103626240
1104674816
1116864512
1096810496
1109655552
1115815936
1113587712
1107558400
1118044160
1113063424
1099431936
1113063424
1106247680
1118175232
1116340224
1100480512
1117650944
1116471296
1116995584
1115684864
1115160576
1114898432
1105723392
1116209152
1113849856
1110441984
1118175232
1115160576
1115422720
1116471296
1107296256
1109655552
1116864512
1116471296
1098907648
1116602368
1117257728
1117913088
1116471296
1107296256
1108082688
1084227584
1112014848
1112276992
1103101952
1093664768
1100480512
1107558400
1115815936
1082130432
1114898432
1108869120
1102577664
1110441984
1077936128
1105723392
1099431936
1100480512
1117519872
1117782016
1092616192
1110966272
1116733440
1110704128
1114374144
1114636288
1116471296
1115160576
0
1118175232
1116209152
1110966272
1118437376
1115684864
1092616192
1110966272
1065353216
1113325568
1113587712
1111228416
0
1108344832
1073741824
1117913088
1107558400
1086324736
1095761920
1109655552
1118437376
1117650944
1116078080
1115422720
1093664768
1108606976
1116733440
1110704128
1077936128
1100480512
1098907648
1118568448
1100480512
1110441984
1116078080
1117782016
1117388800
1084227584
1116209152
1091567616
1102053376
1113849856
0
1112014848
1092616192
1115815936
1088421888
1116471296
1115422720
1107558400
1108082688
1115422720
1096810496
1111490560
1118044160
1084227584
1094713344
1094713344
1116078080
0
1107558400
1109917696
1090519040
1102577664
1097859072
1116209152
1115815936
1093664768
1117126656
1099431936
1107296256
1109131264
TLAST
1117126656
