2415853568
1090519040
1103626240
1112276992
1114374144
1107820544
1112801280
1110966272
1115684864
1101004800
1107820544
1106247680
1110966272
1099431936
1110441984
1114374144
1091567616
1086324736
1114898432
1110441984
1115160576
1113325568
1114636288
1116602368
1113063424
1104150528
1100480512
1111490560
1086324736
1111752704
1116471296
1113063424
1114898432
1107558400
1111490560
1100480512
1086324736
1108344832
1112014848
1116733440
1113849856
1065353216
1115160576
1086324736
1109393408
1106771968
1112539136
1082130432
1099431936
1105723392
1116864512
1086324736
1103626240
1088421888
1106771968
1115947008
1114112000
1114374144
1108606976
1106771968
1101004800
1099431936
1109393408
1116602368
1116471296
1114112000
1115815936
1105723392
1104150528
1077936128
1065353216
1116602368
1100480512
1103101952
1109917696
1107558400
1107296256
1110966272
1115684864
1073741824
1093664768
1112801280
1084227584
1084227584
1106247680
1111490560
1111228416
1116078080
1065353216
1107820544
1113063424
1109131264
1099431936
1108869120
1110441984
1107820544
1095761920
1116471296
1108344832
1102053376
1109917696
1115422720
1082130432
1091567616
1111490560
1108344832
1103101952
1115947008
1105723392
1109655552
1114636288
1115815936
1092616192
1107558400
1108344832
1090519040
1116864512
1065353216
1109917696
1103101952
1101004800
1115160576
1101004800
1108606976
1116340224
1092616192
1112014848
1112801280
1109917696
1103101952
1101529088
1113587712
1108606976
1102577664
1114374144
1112276992
1100480512
1115422720
1116471296
1108082688
1093664768
1104150528
1111228416
1111752704
1108606976
1097859072
1095761920
1113063424
1111228416
1108344832
1116471296
1111228416
1113587712
1110704128
1099956224
1105723392
1107558400
0
1099431936
1110704128
1116602368
1104674816
1108869120
1110704128
1115422720
1092616192
1110966272
1110704128
1113849856
1115815936
1073741824
1101529088
1108606976
1097859072
1073741824
1115684864
1111752704
1108344832
1110704128
1108869120
1102053376
1091567616
1095761920
1107820544
1102577664
1112014848
1103626240
1091567616
1107296256
1114636288
1102053376
1112539136
1116340224
1109131264
1114636288
1115160576
1105199104
1107558400
1116733440
1114374144
1099956224
1097859072
1065353216
1098907648
1100480512
1098907648
1113849856
1115815936
1107820544
0
1082130432
1092616192
1112276992
1107820544
1114636288
1107558400
1116864512
1101529088
1112801280
1112014848
1111228416
1102577664
1092616192
1112276992
1101004800
1111228416
1114112000
1111752704
1116864512
1111490560
1108082688
1108344832
1114112000
1106771968
1113063424
1098907648
1109917696
1103626240
1086324736
1103101952
1082130432
1096810496
1103626240
1116733440
1113325568
1110441984
1084227584
1115947008
1113849856
1104674816
1099956224
1113587712
1116471296
1103101952
1115947008
1116471296
1116864512
1112276992
1101004800
1114374144
1101529088
1095761920
1106771968
1086324736
1099431936
0
1096810496
1110704128
1115684864
0
1114636288
1111752704
1095761920
1104150528
1109131264
1103626240
1116602368
1092616192
1114112000
1097859072
1101004800
1105199104
1114112000
1104150528
1112276992
1108869120
1116733440
1116471296
1112014848
1115815936
1109917696
1091567616
1113587712
1109393408
1093664768
1110966272
1095761920
1086324736
1096810496
1103101952
1113849856
1104674816
1112014848
1090519040
1103626240
1108606976
1115947008
1108869120
1102577664
1116733440
1102053376
1086324736
0
1102053376
1109655552
1112276992
1084227584
1112801280
1101004800
1077936128
1101004800
1077936128
1077936128
1100480512
1092616192
1094713344
1103626240
1104674816
1103101952
1116864512
1114112000
1107820544
1114112000
1113063424
1115422720
1104674816
1102053376
1111752704
1091567616
1116078080
1110704128
1088421888
1109131264
1116733440
1115684864
1106771968
1091567616
1114374144
1110179840
1101004800
1108082688
1112014848
1116340224
1114898432
1084227584
1094713344
1115422720
1112276992
1105199104
1109131264
1099431936
1108606976
1114374144
1102577664
0
1065353216
1093664768
1109131264
1116733440
1112014848
1106247680
1077936128
1111228416
1103101952
1111228416
1106771968
1116471296
1109917696
1101529088
1090519040
1065353216
1110966272
1084227584
1092616192
1106771968
1112276992
1112276992
1113849856
1088421888
1112801280
1113849856
1091567616
1107558400
1082130432
1105199104
1084227584
1115160576
1115947008
1116471296
1112014848
1112276992
1093664768
1112539136
1116078080
1114636288
1094713344
1073741824
1115422720
1110966272
1116078080
1105199104
1101004800
1092616192
1091567616
1112276992
1073741824
1114636288
1096810496
1114898432
1073741824
1112539136
1098907648
1112276992
1112014848
1109131264
1111490560
1110966272
1096810496
1090519040
1112539136
1116209152
1096810496
1096810496
1112014848
1094713344
1086324736
1116471296
1112539136
1109655552
1109917696
1099956224
1090519040
1113063424
1065353216
1116209152
1116602368
1114898432
1105723392
1099956224
1115422720
1093664768
1095761920
1090519040
1090519040
1109131264
1082130432
1106771968
1108869120
1114636288
1114636288
1100480512
1101004800
1107820544
1101004800
1110966272
1073741824
1115815936
1082130432
1108344832
0
1097859072
1088421888
1108606976
1104674816
1077936128
1101529088
1111228416
1112801280
1107820544
1116471296
1114374144
1099431936
1111228416
1108344832
1086324736
1112276992
1115815936
1111752704
1103101952
1101529088
1106247680
1114374144
1115947008
1116078080
1115815936
1113849856
0
1111490560
1115684864
1110441984
1114112000
1115947008
1092616192
1109655552
1100480512
1088421888
1107820544
1108082688
1111490560
1113063424
1097859072
1099431936
1108606976
1082130432
1077936128
1103626240
1103101952
1102053376
1109917696
1093664768
1104150528
1112801280
1065353216
1098907648
1101529088
1092616192
1100480512
1100480512
1116078080
1097859072
1113587712
1114112000
1092616192
1104674816
1092616192
1109393408
1102053376
1116471296
1102577664
1115684864
1095761920
1106771968
1101529088
1109655552
1115160576
1098907648
1105199104
1099431936
1115947008
1097859072
1107820544
1107820544
1109131264
1116602368
1111490560
1084227584
1099431936
1077936128
1115684864
1107296256
1108082688
1098907648
1108869120
1116340224
1108869120
1073741824
1101529088
1116864512
1099956224
1091567616
1114374144
1108082688
1106771968
1116864512
1114898432
1103626240
1110966272
1099431936
1100480512
1112014848
1096810496
1115422720
1110441984
1065353216
1116078080
1099431936
0
1107296256
1113325568
1111752704
1093664768
1112539136
1113587712
1112276992
1112539136
1108869120
1113849856
1107296256
1097859072
1114112000
1098907648
1106771968
1103101952
1115684864
1112014848
1116340224
1102053376
1109393408
1105723392
1104150528
1108344832
1101004800
1114112000
1116733440
1114636288
1107558400
1086324736
1113587712
1113587712
1105723392
1092616192
1108606976
1108606976
1077936128
1116733440
1115815936
1111228416
1082130432
1107820544
1108082688
1109655552
1094713344
1109131264
1084227584
1090519040
1115160576
1116209152
1108344832
1086324736
1115160576
1116602368
1112276992
1082130432
1110179840
1116340224
1097859072
1099431936
1115422720
1110441984
1090519040
1102053376
1110966272
1112801280
1092616192
1108869120
1112276992
1114374144
1113325568
1108869120
1108606976
1105199104
1084227584
1116340224
1111490560
1092616192
1073741824
1105723392
1107296256
1106771968
1112801280
1107296256
1082130432
1115815936
1100480512
1116209152
1095761920
1116864512
1104674816
1115947008
1101529088
1098907648
1113849856
1110179840
1101529088
1114898432
1094713344
1111490560
1086324736
1107558400
1103101952
1109131264
1084227584
1077936128
1114898432
1115815936
1100480512
1105199104
1105199104
1114898432
1103626240
1116209152
1091567616
1110441984
1110179840
1109655552
1091567616
1113063424
1104150528
1114374144
1107296256
1100480512
1112276992
1112801280
1105723392
1095761920
1104150528
1115422720
1107296256
1109917696
1110704128
1111490560
1112801280
1113325568
1105723392
1106247680
1106247680
1115422720
1104674816
1109655552
1108082688
1101004800
1115160576
1101529088
1113063424
1109131264
1106247680
1115815936
1116209152
1111228416
1112539136
1106247680
1106771968
1111752704
1112014848
1112801280
1104150528
1101529088
1101004800
1088421888
1112801280
1101529088
1108344832
1116733440
1096810496
1110704128
1110704128
1109131264
1099431936
1116864512
1116733440
1112801280
1110179840
1116733440
1112539136
1116864512
1109131264
1100480512
1094713344
1111490560
1110441984
1109655552
1116471296
1093664768
1111228416
1082130432
1111490560
1107558400
1113325568
1108606976
1105199104
1109917696
1100480512
1103626240
1115947008
1115815936
1113063424
1108344832
1102577664
1115815936
1108344832
1114898432
1097859072
1086324736
1116864512
1110704128
1103626240
1109393408
1114374144
1107820544
1116078080
1116209152
1109655552
1084227584
1115160576
1111490560
1107558400
1098907648
1110966272
1102053376
1105723392
1113849856
1088421888
1110441984
1113849856
1106771968
1114636288
1101529088
1101004800
1116864512
1112014848
1114112000
1099956224
1115815936
1112276992
1077936128
1114636288
1107296256
1108082688
1109131264
1109131264
1111752704
1102053376
1115815936
1116733440
1109393408
1111490560
1116209152
1112539136
1113849856
1113849856
1108869120
1116209152
1112014848
1112014848
1110966272
1116471296
1116602368
1113849856
1105723392
1112276992
1111228416
1107296256
1108606976
1108606976
1116340224
1108082688
1101004800
1096810496
1111752704
1106771968
1077936128
1115422720
1110704128
1109131264
1099956224
1116340224
1107558400
1110441984
1091567616
1098907648
1107820544
1086324736
1096810496
1114898432
1098907648
1106247680
1093664768
1099956224
1114636288
1106771968
1116471296
1099956224
1096810496
1108869120
1084227584
0
1113063424
1103626240
1107558400
1092616192
1077936128
1111228416
1073741824
1112276992
1113063424
1116733440
1110966272
1113849856
1116471296
1096810496
1110704128
1073741824
1077936128
1104150528
1091567616
1106247680
1113325568
1106771968
1101004800
1098907648
1115684864
1086324736
1103101952
1101529088
1114898432
1104150528
1104150528
1106247680
1114374144
1111228416
1100480512
1108344832
1110441984
1108869120
1097859072
1110441984
1099956224
1116602368
1094713344
1108869120
1116209152
1115684864
1096810496
1110179840
0
1096810496
1086324736
1065353216
1073741824
1109393408
1109917696
1095761920
1096810496
1112539136
1104674816
1115815936
1111490560
1116078080
1103626240
1112801280
1116471296
1112801280
1100480512
1109131264
1115684864
1113063424
1107296256
1115684864
1108082688
1114112000
1115815936
1104150528
1108344832
1102053376
1107558400
1107820544
1097859072
1109655552
1112014848
1116209152
1108606976
1100480512
1108869120
1107296256
1084227584
1102053376
1113587712
1110441984
1073741824
1116733440
1092616192
1102577664
1107558400
1111752704
1084227584
1114636288
1110704128
1112276992
1108344832
1114374144
1092616192
1115684864
1110704128
1101529088
1108606976
1103626240
1082130432
0
1113063424
1111490560
1113587712
1104150528
1111490560
1095761920
1111490560
1105199104
1101529088
1108082688
1116340224
1108606976
1099431936
1113587712
1115160576
1092616192
1116733440
1113325568
1095761920
1115947008
1088421888
0
1107820544
1113587712
1115815936
1105723392
TLAST
1094713344
