49872.0 52347.0 44515.0 54332.0 41275.0 46909.0 50826.0 43337.0 42995.0 45550.0 37820.0 48277.0 40374.0 54437.0 46234.0 44669.0 42716.0 59536.0 46261.0 51667.0 44502.0 58238.0 56357.0 37876.0 40519.0 49616.0 50743.0 46829.0 61436.0 48721.0 50673.0 60260.0
61438.0 66505.0 54718.0 65075.0 50874.0 58865.0 61111.0 54177.0 60291.0 56299.0 47808.0 58736.0 47887.0 64896.0 57946.0 59052.0 56484.0 60110.0 53373.0 66038.0 49129.0 73807.0 64317.0 49134.0 54715.0 59195.0 58571.0 64073.0 71023.0 58434.0 72270.0 74174.0
52217.0 54950.0 47089.0 57266.0 49158.0 53589.0 50032.0 44285.0 49018.0 49496.0 37331.0 51137.0 42734.0 57363.0 46252.0 51057.0 48117.0 61668.0 49554.0 54507.0 47064.0 56291.0 61154.0 40685.0 47030.0 51580.0 52985.0 47022.0 60816.0 50269.0 55431.0 63043.0
51534.0 52999.0 50487.0 45250.0 40517.0 47050.0 48962.0 40174.0 43476.0 43537.0 38921.0 52306.0 37740.0 56364.0 50766.0 51724.0 46551.0 51168.0 48817.0 53152.0 41236.0 61385.0 55829.0 34672.0 47660.0 49961.0 45974.0 43486.0 56839.0 44161.0 52996.0 57329.0
54862.0 57587.0 55115.0 50411.0 49643.0 54116.0 54199.0 48366.0 58322.0 51070.0 44551.0 58116.0 52037.0 66002.0 56175.0 55289.0 52140.0 57933.0 51199.0 60320.0 45523.0 64705.0 61852.0 41036.0 55526.0 53699.0 58774.0 55833.0 63520.0 53220.0 66423.0 71193.0
52466.0 54546.0 47789.0 59929.0 41901.0 56775.0 57835.0 47170.0 56927.0 53238.0 36808.0 50064.0 42315.0 61023.0 48428.0 58907.0 46908.0 54775.0 52920.0 54505.0 39035.0 61530.0 64574.0 45938.0 48539.0 46376.0 54245.0 53086.0 59164.0 51646.0 58125.0 70528.0
54145.0 58418.0 54810.0 52496.0 45501.0 53259.0 55711.0 48652.0 51668.0 51334.0 44272.0 61429.0 50037.0 69135.0 57143.0 51462.0 53477.0 58885.0 51736.0 67928.0 45048.0 66364.0 60313.0 41113.0 52853.0 46646.0 53190.0 53851.0 62640.0 59491.0 63849.0 70867.0
52492.0 53120.0 46320.0 53361.0 43684.0 47708.0 52024.0 48764.0 48002.0 44978.0 36337.0 48082.0 42755.0 55633.0 45175.0 49338.0 48411.0 53226.0 45865.0 56202.0 39921.0 58065.0 59766.0 40735.0 46170.0 49087.0 53697.0 51575.0 60528.0 53710.0 58610.0 63694.0
46631.0 43097.0 39178.0 45370.0 33768.0 37342.0 42931.0 36138.0 42882.0 42926.0 33471.0 37423.0 33720.0 49035.0 38691.0 41618.0 36015.0 43012.0 39771.0 43435.0 32607.0 53052.0 49715.0 40274.0 36563.0 34689.0 47708.0 35712.0 47675.0 41346.0 52505.0 53872.0
47655.0 39279.0 47568.0 46402.0 39962.0 44012.0 43745.0 42321.0 43420.0 44201.0 35438.0 48064.0 41075.0 50862.0 48899.0 46803.0 41724.0 49409.0 44179.0 52986.0 31016.0 51433.0 54381.0 37267.0 41053.0 36734.0 45700.0 39922.0 53486.0 47072.0 49601.0 60299.0
56517.0 53703.0 48759.0 55318.0 42022.0 50474.0 55104.0 54056.0 50934.0 49366.0 41323.0 52507.0 43735.0 60204.0 53302.0 53994.0 46075.0 59819.0 52011.0 59450.0 34898.0 60062.0 63954.0 42127.0 51276.0 48315.0 54960.0 53891.0 65182.0 53799.0 62402.0 68109.0
47616.0 43639.0 43379.0 42522.0 40057.0 46589.0 38027.0 40946.0 40374.0 39202.0 39646.0 43576.0 36848.0 48887.0 47627.0 47618.0 43298.0 49561.0 39138.0 55759.0 33559.0 52105.0 48741.0 34579.0 45732.0 40235.0 41528.0 47753.0 53710.0 46176.0 53254.0 55594.0
57315.0 56702.0 61310.0 56937.0 49656.0 60739.0 57902.0 53623.0 55299.0 49788.0 44983.0 56731.0 45346.0 60297.0 64314.0 63418.0 53402.0 61614.0 56929.0 67060.0 45942.0 72604.0 67680.0 46028.0 57476.0 55711.0 56543.0 55772.0 71131.0 56490.0 65129.0 72788.0
45178.0 50457.0 43523.0 51013.0 40845.0 51297.0 50818.0 44435.0 54823.0 49814.0 36196.0 45914.0 36511.0 53558.0 45496.0 53440.0 46174.0 50947.0 49323.0 50998.0 41138.0 55261.0 59910.0 45781.0 47748.0 46935.0 51382.0 48346.0 59452.0 43332.0 61033.0 66012.0
51750.0 51666.0 53977.0 56926.0 47127.0 51276.0 51391.0 47966.0 53844.0 50211.0 43127.0 54070.0 40631.0 55879.0 57825.0 53987.0 49070.0 58620.0 54909.0 61535.0 41506.0 65421.0 62431.0 43328.0 48799.0 47387.0 55167.0 57287.0 62633.0 54124.0 61665.0 73218.0
56343.0 52669.0 52852.0 59767.0 48109.0 55064.0 63069.0 52125.0 60900.0 57162.0 45476.0 57039.0 50538.0 63853.0 56039.0 60895.0 56810.0 60276.0 52821.0 61416.0 42659.0 71002.0 65825.0 40396.0 55994.0 53126.0 56742.0 56375.0 65437.0 51791.0 61266.0 72765.0
46648.0 44703.0 49731.0 48753.0 41896.0 44646.0 46799.0 46867.0 48994.0 43026.0 36105.0 52580.0 38732.0 50521.0 52370.0 54400.0 44741.0 53385.0 56144.0 54346.0 36935.0 55726.0 56700.0 34635.0 51934.0 42468.0 50359.0 43246.0 58840.0 47814.0 53773.0 65550.0
55285.0 55454.0 53464.0 59833.0 48443.0 54876.0 58260.0 54152.0 56368.0 56315.0 42531.0 55840.0 44646.0 61148.0 55907.0 61956.0 50068.0 64025.0 57239.0 62156.0 44140.0 71888.0 65740.0 44879.0 59155.0 49172.0 60016.0 54839.0 66736.0 58158.0 67067.0 77145.0
46792.0 44151.0 40989.0 48594.0 36548.0 42017.0 50760.0 42147.0 45103.0 48261.0 36560.0 43459.0 35069.0 50191.0 44370.0 47634.0 43109.0 46503.0 34993.0 50798.0 35124.0 60180.0 50575.0 39397.0 44863.0 40751.0 42314.0 43269.0 51448.0 44782.0 52036.0 58696.0
47284.0 46818.0 47416.0 46129.0 39283.0 47580.0 49764.0 39109.0 43992.0 45446.0 37346.0 49434.0 34191.0 55896.0 45691.0 50081.0 43405.0 51667.0 38281.0 49475.0 36149.0 62801.0 48754.0 37006.0 44614.0 42889.0 47489.0 43743.0 50982.0 46664.0 59199.0 62906.0
40104.0 37873.0 37321.0 38922.0 33240.0 41677.0 36063.0 30820.0 37771.0 35016.0 29284.0 41161.0 32238.0 46942.0 37177.0 39493.0 31252.0 42565.0 37798.0 40698.0 29765.0 48698.0 41638.0 34596.0 36646.0 37891.0 42629.0 40433.0 39254.0 37399.0 44429.0 51010.0
46261.0 41808.0 47174.0 46726.0 37379.0 45101.0 46895.0 37980.0 48895.0 48368.0 35910.0 40655.0 31553.0 50789.0 47677.0 54881.0 39676.0 51444.0 48758.0 50342.0 35196.0 62335.0 55721.0 40028.0 46897.0 42602.0 48911.0 41928.0 55310.0 43885.0 55221.0 64698.0
50282.0 50130.0 46423.0 46412.0 42452.0 47838.0 49125.0 45354.0 50266.0 47491.0 38219.0 51157.0 41228.0 55869.0 48318.0 50588.0 44303.0 52015.0 48264.0 51764.0 36550.0 55620.0 59354.0 42301.0 52443.0 47327.0 49936.0 48880.0 51188.0 43261.0 57256.0 65860.0
41850.0 41943.0 40091.0 38784.0 39114.0 41019.0 34310.0 38346.0 38707.0 33885.0 32929.0 42826.0 37578.0 42200.0 39195.0 43056.0 35955.0 45042.0 44449.0 43906.0 31792.0 40570.0 48303.0 33148.0 40834.0 38953.0 47173.0 46072.0 45066.0 38151.0 46416.0 55794.0
52308.0 46562.0 48876.0 50461.0 49859.0 49229.0 49190.0 44900.0 47234.0 47788.0 41012.0 47304.0 39531.0 51170.0 53160.0 56160.0 48774.0 50849.0 46192.0 58523.0 39929.0 62261.0 53426.0 39568.0 48157.0 43879.0 49007.0 48349.0 58215.0 43172.0 55731.0 61046.0
51607.0 52088.0 52548.0 54509.0 39965.0 50813.0 52429.0 45260.0 50198.0 48552.0 37420.0 54062.0 44317.0 61491.0 53114.0 46695.0 43026.0 56116.0 53663.0 57513.0 37793.0 61152.0 63903.0 44034.0 49109.0 51336.0 51358.0 48687.0 55259.0 53006.0 56122.0 66836.0
49700.0 52026.0 45038.0 53868.0 44787.0 46638.0 45729.0 44964.0 44678.0 44308.0 36216.0 50458.0 37548.0 55109.0 44721.0 48042.0 42824.0 58786.0 50582.0 51499.0 38551.0 57465.0 57886.0 40190.0 46435.0 47284.0 55833.0 50653.0 54020.0 50290.0 57666.0 65788.0
55406.0 53982.0 46983.0 56304.0 40871.0 54533.0 56182.0 54732.0 50595.0 50276.0 38459.0 53523.0 46838.0 61607.0 52485.0 51043.0 44531.0 57286.0 54816.0 59558.0 36976.0 59146.0 65921.0 42597.0 47470.0 49433.0 48207.0 49323.0 65032.0 56757.0 54112.0 63428.0
39818.0 44413.0 41368.0 43766.0 40330.0 49297.0 46535.0 40734.0 46030.0 42385.0 34060.0 43455.0 39025.0 49464.0 43135.0 43801.0 41535.0 45211.0 44333.0 46855.0 34306.0 47153.0 51532.0 36712.0 44362.0 39644.0 43189.0 44324.0 45771.0 39761.0 51100.0 60802.0
57792.0 61221.0 55275.0 55261.0 42604.0 53898.0 56630.0 51448.0 52080.0 57135.0 36798.0 55595.0 47047.0 60942.0 51117.0 53880.0 45958.0 58552.0 62767.0 60091.0 44407.0 68490.0 72725.0 46617.0 57205.0 53103.0 53707.0 50596.0 62046.0 59733.0 64662.0 71974.0
45753.0 38631.0 45016.0 47050.0 43487.0 42252.0 42386.0 41338.0 44553.0 42912.0 33507.0 43355.0 39662.0 49710.0 48041.0 50259.0 41916.0 49456.0 45382.0 53046.0 30461.0 52581.0 54416.0 38747.0 45977.0 38731.0 49024.0 41194.0 50972.0 43679.0 47057.0 61356.0
47191.0 45011.0 43280.0 42118.0 37177.0 41238.0 42549.0 40429.0 44031.0 38577.0 36583.0 43423.0 33998.0 46751.0 46413.0 52397.0 44938.0 53876.0 43262.0 47856.0 34139.0 51227.0 46955.0 31245.0 42621.0 38932.0 43530.0 40900.0 63226.0 43435.0 54905.0 60675.0
48179.0 48967.0 50270.0 45852.0 43100.0 53008.0 46548.0 46173.0 55318.0 49749.0 40717.0 51158.0 42558.0 58276.0 50675.0 54518.0 42948.0 51757.0 55694.0 58737.0 37395.0 54263.0 61367.0 42626.0 51430.0 43057.0 55851.0 53511.0 56717.0 51462.0 62396.0 69699.0
62990.0 52305.0 48610.0 54625.0 46587.0 53037.0 55270.0 47401.0 53548.0 55391.0 42062.0 52891.0 49313.0 63644.0 49055.0 59272.0 49083.0 57451.0 54961.0 56688.0 40208.0 62503.0 65206.0 45073.0 49633.0 49880.0 55707.0 49332.0 63505.0 53009.0 55957.0 68126.0
52177.0 48107.0 49332.0 47983.0 41335.0 43552.0 46348.0 47706.0 39819.0 42698.0 38905.0 51400.0 35749.0 50582.0 52336.0 48699.0 44255.0 55564.0 50014.0 60489.0 38823.0 57308.0 56482.0 36275.0 46335.0 45853.0 48194.0 46940.0 64693.0 51761.0 57444.0 59787.0
42042.0 42110.0 41287.0 48012.0 41183.0 40679.0 44896.0 39087.0 40163.0 41887.0 36219.0 49547.0 35575.0 49272.0 46292.0 42187.0 43802.0 51382.0 43419.0 48717.0 35243.0 56404.0 47953.0 32311.0 43319.0 40002.0 45768.0 44552.0 47840.0 42066.0 47030.0 59132.0
50734.0 53691.0 47931.0 54878.0 45616.0 51486.0 48707.0 52200.0 50425.0 45686.0 40193.0 52592.0 45902.0 61034.0 51785.0 53555.0 47075.0 56698.0 52306.0 56689.0 38481.0 59442.0 65403.0 45771.0 47910.0 46863.0 57358.0 49473.0 61880.0 52336.0 60294.0 67015.0
57758.0 52245.0 52620.0 54432.0 42502.0 50457.0 50700.0 45801.0 50837.0 46993.0 41002.0 57668.0 46752.0 67544.0 54306.0 53619.0 47605.0 59453.0 52447.0 60071.0 39044.0 60682.0 60371.0 39305.0 47879.0 49045.0 53441.0 48283.0 62876.0 56706.0 56173.0 67091.0
54612.0 53079.0 51791.0 61521.0 48077.0 54788.0 62426.0 60329.0 52261.0 55897.0 39565.0 59418.0 48966.0 57968.0 52978.0 60576.0 54117.0 62210.0 56727.0 65124.0 44257.0 69338.0 73040.0 45579.0 57328.0 52864.0 59807.0 56700.0 69450.0 59287.0 60726.0 72916.0
58077.0 50109.0 48526.0 49630.0 42533.0 48101.0 45909.0 42910.0 52207.0 47485.0 42238.0 50224.0 38372.0 58072.0 52977.0 52560.0 42707.0 55152.0 48322.0 55683.0 35548.0 57678.0 50419.0 36995.0 51568.0 44307.0 46178.0 45186.0 58200.0 49563.0 62250.0 62563.0
52529.0 51302.0 48834.0 46514.0 40711.0 51849.0 51350.0 44130.0 47300.0 46705.0 39040.0 53556.0 39761.0 59282.0 46695.0 52438.0 45097.0 52697.0 44576.0 51848.0 39882.0 57116.0 57341.0 44508.0 47349.0 44679.0 52112.0 45593.0 55008.0 49029.0 61108.0 65516.0
49656.0 43621.0 49125.0 45840.0 36541.0 43180.0 49805.0 43893.0 50206.0 45812.0 37214.0 46019.0 41624.0 56119.0 49774.0 48207.0 44646.0 46830.0 44439.0 54907.0 32948.0 60725.0 55385.0 32099.0 44118.0 46442.0 44805.0 46820.0 58428.0 50712.0 54443.0 61494.0
61600.0 59892.0 63852.0 63878.0 55947.0 54758.0 60707.0 54747.0 58720.0 55107.0 46975.0 61246.0 51378.0 68436.0 65144.0 63240.0 59499.0 61234.0 61970.0 73866.0 49072.0 78670.0 69305.0 46890.0 58245.0 56410.0 66228.0 61938.0 72172.0 62548.0 70011.0 80133.0
49351.0 47413.0 47643.0 56128.0 48245.0 52368.0 46509.0 49238.0 51659.0 43476.0 38234.0 45906.0 41196.0 54110.0 50801.0 55611.0 44817.0 52271.0 46297.0 55811.0 37818.0 57004.0 61018.0 45181.0 45740.0 46598.0 54290.0 51453.0 56208.0 48717.0 53566.0 65058.0
53174.0 54511.0 50977.0 59764.0 49133.0 48883.0 56616.0 47311.0 51568.0 53283.0 38017.0 55633.0 43116.0 59246.0 51777.0 57670.0 56332.0 64279.0 52540.0 60273.0 44582.0 64195.0 63185.0 41664.0 54074.0 53063.0 54755.0 50809.0 66988.0 54547.0 59530.0 74724.0
54787.0 56814.0 48515.0 52370.0 42414.0 57865.0 55022.0 47334.0 52157.0 45897.0 38632.0 51422.0 44272.0 63559.0 49328.0 56819.0 44955.0 53651.0 51106.0 52363.0 42227.0 58768.0 60485.0 42031.0 47290.0 52136.0 51962.0 46421.0 63410.0 52305.0 56429.0 63666.0
50262.0 48934.0 48377.0 48238.0 39480.0 42165.0 49022.0 42305.0 43789.0 44662.0 38854.0 47988.0 34207.0 56038.0 50981.0 44265.0 42731.0 49752.0 45547.0 54156.0 37844.0 62236.0 56779.0 44291.0 43503.0 42957.0 50770.0 44000.0 55098.0 51320.0 59245.0 64803.0
57840.0 52180.0 52615.0 55661.0 43608.0 54182.0 56400.0 51108.0 48505.0 53522.0 43043.0 56798.0 40737.0 63083.0 52108.0 58864.0 50432.0 65451.0 49685.0 59665.0 39914.0 66853.0 61475.0 42931.0 47960.0 46076.0 55149.0 47844.0 68583.0 57992.0 65239.0 72888.0
41425.0 45264.0 41695.0 43303.0 31171.0 36413.0 43896.0 36517.0 42030.0 39031.0 28718.0 43080.0 29671.0 47847.0 37164.0 43647.0 38517.0 42340.0 41795.0 40847.0 31666.0 51578.0 50125.0 31257.0 41893.0 41054.0 44594.0 37689.0 46541.0 44417.0 52126.0 56802.0
55710.0 53172.0 53314.0 58165.0 46491.0 55551.0 52915.0 42854.0 49459.0 46908.0 42650.0 53883.0 39765.0 61121.0 55294.0 54237.0 48857.0 57732.0 47207.0 56327.0 43233.0 65214.0 56442.0 45643.0 43048.0 48062.0 52931.0 48014.0 61354.0 48024.0 61978.0 67164.0
60689.0 61267.0 51185.0 64893.0 48401.0 55480.0 59343.0 52858.0 62751.0 56523.0 41326.0 57335.0 48209.0 68832.0 54525.0 60347.0 53030.0 56749.0 59446.0 62013.0 43812.0 65469.0 70362.0 46951.0 57140.0 53825.0 59800.0 56637.0 66219.0 58338.0 65644.0 73232.0
41574.0 43700.0 40362.0 39860.0 37682.0 47167.0 43307.0 37684.0 42919.0 43103.0 30437.0 42843.0 35943.0 46586.0 38216.0 47353.0 36761.0 49253.0 41939.0 46564.0 35269.0 47527.0 49412.0 40735.0 44320.0 36957.0 46421.0 44520.0 45462.0 38349.0 52411.0 58856.0
67815.0 61251.0 58814.0 53857.0 46757.0 54953.0 61774.0 54453.0 53263.0 54525.0 43856.0 53942.0 46163.0 64720.0 60299.0 63408.0 50112.0 58891.0 50584.0 65754.0 36485.0 72576.0 64932.0 48377.0 61477.0 55759.0 53163.0 55410.0 65793.0 56884.0 69039.0 73355.0
56274.0 55713.0 48240.0 48660.0 45799.0 45679.0 49851.0 47163.0 41145.0 46842.0 42379.0 57311.0 42024.0 61283.0 49298.0 50774.0 48762.0 58819.0 51365.0 57579.0 40995.0 59891.0 62854.0 46858.0 52084.0 50273.0 58720.0 48706.0 58849.0 50091.0 61293.0 67756.0
64350.0 63748.0 64723.0 61514.0 48272.0 58125.0 62807.0 56579.0 53783.0 56055.0 46000.0 61619.0 48149.0 63943.0 64581.0 62122.0 54108.0 64720.0 58855.0 72726.0 50201.0 78321.0 73589.0 51605.0 61014.0 60742.0 60114.0 60347.0 74973.0 64291.0 71194.0 77433.0
47462.0 43372.0 48460.0 46128.0 44192.0 47085.0 45632.0 45621.0 49359.0 38934.0 36575.0 49903.0 42698.0 52174.0 50286.0 57295.0 46182.0 51250.0 51229.0 50495.0 34444.0 54763.0 53691.0 35833.0 44310.0 41066.0 53623.0 42345.0 60375.0 44390.0 53123.0 62011.0
45367.0 48261.0 38716.0 44457.0 36177.0 37654.0 39814.0 40334.0 37572.0 35390.0 31762.0 43201.0 35845.0 45304.0 39862.0 46559.0 38504.0 46448.0 41774.0 45143.0 34924.0 52810.0 51626.0 31596.0 47651.0 41238.0 45471.0 41866.0 47006.0 42301.0 44706.0 50444.0
47739.0 41589.0 41070.0 50069.0 40914.0 49475.0 42446.0 45415.0 54196.0 44318.0 38222.0 44843.0 35813.0 51967.0 44320.0 55824.0 42511.0 53096.0 46408.0 46883.0 31995.0 51320.0 52764.0 39617.0 44719.0 38826.0 51138.0 44780.0 57396.0 44615.0 59849.0 65183.0
43584.0 35441.0 40124.0 44983.0 33808.0 40322.0 36724.0 38309.0 45512.0 38719.0 31865.0 37775.0 26974.0 43605.0 43925.0 45121.0 32965.0 43210.0 41787.0 46957.0 27043.0 48557.0 45625.0 36204.0 40891.0 34042.0 42045.0 36770.0 50426.0 44230.0 54169.0 54411.0
63989.0 59480.0 57324.0 51991.0 48479.0 52467.0 57035.0 51495.0 55819.0 55342.0 45081.0 59006.0 50686.0 67233.0 56588.0 63782.0 52776.0 67267.0 58893.0 61413.0 41759.0 72884.0 66443.0 46308.0 63252.0 50050.0 61539.0 52391.0 64771.0 58707.0 69139.0 79343.0
51711.0 53584.0 48997.0 43571.0 45709.0 47473.0 50545.0 45316.0 47222.0 50317.0 37777.0 47433.0 44050.0 57640.0 47001.0 51228.0 46918.0 51362.0 44001.0 56812.0 41418.0 62219.0 59320.0 39854.0 52069.0 45584.0 51523.0 46860.0 56422.0 48222.0 63848.0 62068.0
60089.0 58971.0 56299.0 57680.0 47841.0 55413.0 50531.0 47837.0 46656.0 48178.0 41268.0 57199.0 39328.0 63715.0 55296.0 57034.0 44710.0 64825.0 50332.0 61132.0 43290.0 64209.0 59421.0 47993.0 49907.0 49806.0 57347.0 49026.0 64188.0 57896.0 67108.0 71205.0
48312.0 50941.0 47811.0 50501.0 46075.0 52852.0 50010.0 46193.0 49481.0 47148.0 34663.0 50006.0 46392.0 59218.0 48175.0 50750.0 43422.0 56149.0 54041.0 53872.0 39141.0 56937.0 61682.0 45879.0 46740.0 46566.0 55266.0 47732.0 55064.0 49134.0 53272.0 67817.0
56473.0 57330.0 56319.0 52358.0 44090.0 47953.0 58562.0 47388.0 52891.0 47998.0 42288.0 53876.0 44150.0 60712.0 58007.0 54183.0 49715.0 56143.0 55959.0 59851.0 42507.0 69049.0 61724.0 36844.0 54698.0 51968.0 56370.0 48804.0 66442.0 52954.0 64414.0 66896.0
47524.0 50956.0 48285.0 48077.0 44401.0 47539.0 44604.0 43582.0 46668.0 45972.0 36373.0 53269.0 46387.0 54400.0 47715.0 47508.0 45397.0 55263.0 55420.0 54295.0 39709.0 53833.0 63595.0 36357.0 49128.0 45363.0 53175.0 48675.0 54850.0 48810.0 53050.0 62437.0
50408.0 49337.0 43624.0 48305.0 43567.0 47960.0 39102.0 44062.0 46560.0 42654.0 36871.0 45436.0 39565.0 48935.0 45553.0 49465.0 40825.0 49729.0 46398.0 52768.0 37371.0 50990.0 53839.0 39251.0 44564.0 40018.0 49261.0 50570.0 55687.0 47553.0 57923.0 58481.0
52831.0 54845.0 48277.0 54834.0 43378.0 54013.0 57820.0 51599.0 51914.0 53855.0 37726.0 47762.0 43069.0 59771.0 50709.0 52434.0 47185.0 54301.0 46679.0 60446.0 39547.0 62752.0 64505.0 47113.0 45216.0 46918.0 50236.0 50767.0 64069.0 53607.0 61681.0 64599.0
62023.0 56011.0 55451.0 55648.0 47100.0 54282.0 54606.0 50827.0 58162.0 54305.0 44918.0 54664.0 48684.0 69678.0 58456.0 57412.0 50835.0 59492.0 51657.0 68372.0 38579.0 67618.0 62745.0 45942.0 53919.0 50470.0 55174.0 56574.0 66436.0 61709.0 68708.0 73261.0
51021.0 44854.0 49675.0 44048.0 38661.0 46477.0 47972.0 39726.0 47182.0 49561.0 35659.0 42585.0 34303.0 54427.0 46424.0 46786.0 38079.0 50198.0 42205.0 54607.0 32369.0 57675.0 53126.0 44164.0 47175.0 40643.0 49136.0 45566.0 50649.0 50227.0 65703.0 66988.0
47137.0 45935.0 43714.0 41620.0 40434.0 44442.0 45557.0 43814.0 37503.0 39343.0 36585.0 50344.0 42168.0 55193.0 44757.0 39158.0 41007.0 54454.0 40322.0 53870.0 37453.0 44161.0 52952.0 34219.0 43788.0 41688.0 44804.0 42010.0 51496.0 46689.0 50246.0 58694.0
50349.0 45420.0 40843.0 51891.0 42583.0 47275.0 46824.0 38983.0 46838.0 44868.0 35957.0 41355.0 38201.0 54561.0 42024.0 48850.0 42335.0 53244.0 35614.0 49402.0 39879.0 56122.0 47996.0 35904.0 43094.0 43920.0 44219.0 41515.0 51614.0 43198.0 50277.0 55930.0
48690.0 53245.0 53215.0 49380.0 41729.0 54843.0 53897.0 50378.0 51956.0 49086.0 41184.0 50471.0 47103.0 60150.0 54831.0 48906.0 44874.0 58060.0 52950.0 58986.0 41323.0 58017.0 68407.0 46774.0 47057.0 49594.0 53301.0 48603.0 62545.0 48436.0 60540.0 67524.0
54173.0 49582.0 52839.0 51694.0 43243.0 48662.0 53202.0 44213.0 52834.0 48983.0 42611.0 53452.0 43689.0 58598.0 56440.0 50958.0 50427.0 53063.0 47621.0 57651.0 37904.0 65291.0 58377.0 43182.0 47448.0 51450.0 51773.0 51829.0 62127.0 50278.0 59878.0 68033.0
45179.0 47016.0 41882.0 46107.0 32843.0 41862.0 47788.0 43380.0 46578.0 44219.0 33657.0 45261.0 32053.0 50953.0 38739.0 48217.0 36791.0 47819.0 46360.0 45404.0 36559.0 55714.0 54566.0 37182.0 45532.0 43729.0 51118.0 42602.0 53061.0 47571.0 57760.0 61690.0
58323.0 53308.0 52606.0 62950.0 49638.0 50328.0 56790.0 53693.0 53230.0 52590.0 41148.0 53211.0 45474.0 57791.0 57412.0 59676.0 52192.0 58168.0 51264.0 65013.0 44168.0 68150.0 62740.0 40313.0 54417.0 48387.0 52711.0 52470.0 66761.0 57471.0 55861.0 68488.0
52312.0 48564.0 42829.0 40959.0 39203.0 41549.0 44746.0 44680.0 40086.0 40528.0 36492.0 46398.0 46683.0 51719.0 45743.0 45556.0 39718.0 51553.0 45898.0 54122.0 34961.0 48576.0 53519.0 32569.0 47592.0 40783.0 46725.0 47851.0 54406.0 44790.0 47418.0 55626.0
50638.0 45341.0 45926.0 47680.0 37034.0 45272.0 44760.0 45697.0 47877.0 46619.0 38450.0 49018.0 38415.0 55148.0 47163.0 49510.0 41551.0 51226.0 54714.0 52980.0 32018.0 52822.0 59821.0 38575.0 45899.0 39448.0 49561.0 43682.0 56659.0 50869.0 57886.0 64012.0
46118.0 47918.0 50228.0 49239.0 41673.0 52494.0 48235.0 45690.0 52646.0 48965.0 33371.0 49463.0 42600.0 57218.0 48671.0 51376.0 40366.0 51582.0 52918.0 54207.0 37615.0 61307.0 60255.0 45437.0 49927.0 44412.0 53571.0 44378.0 54414.0 51786.0 61018.0 66097.0
48462.0 55084.0 53810.0 52763.0 47873.0 51978.0 49096.0 52470.0 46988.0 44560.0 43165.0 58125.0 42357.0 57516.0 56691.0 48409.0 47613.0 61445.0 54662.0 61668.0 42302.0 59005.0 63831.0 46756.0 51191.0 46990.0 59294.0 53197.0 60908.0 53064.0 67592.0 72002.0
59459.0 53100.0 54540.0 56473.0 46344.0 54448.0 51518.0 49731.0 57488.0 52200.0 42231.0 50023.0 44520.0 63532.0 57190.0 55706.0 41880.0 59565.0 57634.0 59966.0 40285.0 62053.0 65881.0 47887.0 55686.0 47062.0 56957.0 48403.0 60726.0 57867.0 63684.0 73824.0
48594.0 41286.0 45033.0 38010.0 35300.0 37841.0 40399.0 33160.0 41297.0 36434.0 36378.0 38478.0 34080.0 47271.0 46246.0 39895.0 35914.0 44947.0 40217.0 44823.0 33430.0 53493.0 41971.0 30366.0 38297.0 40636.0 40813.0 37388.0 49864.0 39252.0 49898.0 52902.0
34576.0 35084.0 34238.0 35833.0 27694.0 31963.0 34094.0 26372.0 33884.0 35480.0 24914.0 33688.0 28937.0 36500.0 32645.0 32196.0 31539.0 38940.0 30671.0 37944.0 27533.0 39105.0 38553.0 24103.0 33575.0 32860.0 31159.0 34865.0 37371.0 30083.0 39202.0 43679.0
48273.0 50273.0 51613.0 51823.0 47126.0 53155.0 50065.0 51249.0 41152.0 43315.0 36579.0 52007.0 40497.0 51413.0 55650.0 50990.0 45118.0 56228.0 47945.0 60215.0 38341.0 56098.0 60682.0 46889.0 49528.0 42330.0 50513.0 49682.0 58740.0 51486.0 58319.0 68752.0
51812.0 45907.0 51203.0 37346.0 42431.0 46585.0 42265.0 44780.0 45093.0 42740.0 38553.0 48110.0 47016.0 52081.0 53572.0 48489.0 41543.0 52577.0 52647.0 55813.0 31119.0 53939.0 59775.0 39666.0 51382.0 41572.0 48309.0 48443.0 53155.0 48231.0 53810.0 64347.0
53044.0 54288.0 50838.0 53806.0 45491.0 53911.0 56439.0 48849.0 58771.0 51379.0 43977.0 55678.0 42533.0 61284.0 54370.0 63114.0 54940.0 59862.0 50385.0 55988.0 39899.0 64858.0 62877.0 45130.0 55085.0 49571.0 56199.0 51253.0 65810.0 51283.0 65267.0 75086.0
46967.0 46776.0 52124.0 47392.0 40392.0 46168.0 49500.0 41834.0 41362.0 38471.0 34918.0 47669.0 41958.0 53970.0 52974.0 48992.0 41647.0 54210.0 48811.0 50246.0 37202.0 62497.0 57848.0 40288.0 45616.0 43825.0 51049.0 37986.0 53640.0 45042.0 49058.0 62766.0
39561.0 42377.0 37838.0 42906.0 38844.0 38870.0 38799.0 36630.0 33369.0 31785.0 27352.0 38032.0 32899.0 37397.0 37598.0 39027.0 37916.0 42962.0 37034.0 42550.0 34056.0 40417.0 46011.0 33096.0 33873.0 37963.0 40876.0 40454.0 45621.0 35363.0 39625.0 49638.0
47054.0 40961.0 42818.0 43385.0 39180.0 40153.0 43601.0 34620.0 38221.0 40544.0 32463.0 41973.0 35423.0 45245.0 41120.0 46470.0 40302.0 49588.0 38983.0 48900.0 36882.0 55430.0 44271.0 30614.0 40608.0 43646.0 44714.0 43984.0 52563.0 38488.0 48233.0 53555.0
42167.0 47173.0 45920.0 41375.0 38192.0 45572.0 39407.0 37734.0 38424.0 40074.0 34691.0 46344.0 33674.0 50923.0 44458.0 40688.0 37934.0 48090.0 45071.0 48783.0 35681.0 52129.0 54737.0 43695.0 37928.0 37566.0 49845.0 41718.0 48458.0 43710.0 58630.0 58860.0
48654.0 46111.0 42401.0 48487.0 36328.0 38434.0 42425.0 39983.0 41000.0 39753.0 33646.0 46505.0 33246.0 46514.0 40551.0 46312.0 39368.0 49235.0 46097.0 42994.0 31681.0 51571.0 50415.0 33148.0 39799.0 43260.0 48623.0 46143.0 51996.0 44209.0 51309.0 61298.0
48280.0 47480.0 43888.0 50874.0 40756.0 47811.0 46150.0 43076.0 42869.0 42694.0 36899.0 48369.0 33556.0 54632.0 47167.0 44634.0 37529.0 51230.0 47798.0 51810.0 37729.0 54691.0 56730.0 45160.0 45140.0 41202.0 51261.0 44705.0 49020.0 49654.0 54462.0 62737.0
57912.0 59300.0 63832.0 59111.0 49672.0 64725.0 65021.0 59039.0 59193.0 55086.0 44421.0 66746.0 52635.0 70558.0 66709.0 63239.0 54780.0 64944.0 60525.0 67914.0 43137.0 76634.0 74668.0 49431.0 60815.0 58072.0 59462.0 57218.0 69480.0 63032.0 67222.0 79784.0
49615.0 56673.0 50809.0 49895.0 45437.0 55626.0 52045.0 47098.0 44088.0 47322.0 37158.0 51154.0 48469.0 57905.0 49323.0 43318.0 43712.0 57758.0 43774.0 58587.0 42876.0 55931.0 60990.0 41028.0 46324.0 48857.0 49328.0 53736.0 55961.0 52003.0 58529.0 63878.0
65454.0 54639.0 59300.0 59105.0 52564.0 57229.0 57368.0 55364.0 53156.0 51743.0 45086.0 56059.0 48001.0 63158.0 59475.0 68561.0 52095.0 68335.0 53227.0 62511.0 40463.0 70791.0 66529.0 50188.0 59763.0 50843.0 62394.0 52918.0 67095.0 55409.0 66955.0 81220.0
62764.0 64375.0 61516.0 61296.0 53483.0 60253.0 63764.0 53544.0 60901.0 61991.0 47033.0 62427.0 51855.0 72410.0 61654.0 63441.0 57760.0 66673.0 62823.0 71282.0 50743.0 76486.0 73319.0 55522.0 59910.0 55792.0 67315.0 60800.0 72764.0 62263.0 75587.0 84388.0
57549.0 59407.0 57759.0 58114.0 49644.0 59037.0 56514.0 55746.0 55277.0 53341.0 42572.0 61615.0 47307.0 61663.0 54835.0 65333.0 52279.0 62807.0 58350.0 59980.0 42765.0 69726.0 66984.0 49574.0 57351.0 48488.0 64093.0 57731.0 65164.0 58158.0 72726.0 80996.0
48501.0 49585.0 52796.0 47829.0 43035.0 50519.0 48631.0 46276.0 46053.0 46251.0 38202.0 48872.0 41178.0 54223.0 52132.0 50460.0 45268.0 53043.0 52413.0 56693.0 34214.0 59883.0 62648.0 46039.0 46174.0 44229.0 53367.0 53284.0 54814.0 46843.0 62045.0 71005.0
49775.0 43194.0 43237.0 44916.0 37003.0 38146.0 49838.0 42373.0 43799.0 40877.0 37347.0 44220.0 39261.0 51930.0 47857.0 48568.0 44185.0 49292.0 43014.0 49339.0 31306.0 58018.0 52528.0 30756.0 45160.0 43241.0 45057.0 40667.0 55086.0 44160.0 45506.0 55931.0
52991.0 51617.0 49449.0 48366.0 41779.0 55980.0 52124.0 48517.0 53305.0 55683.0 42719.0 51776.0 42607.0 62318.0 52032.0 50459.0 41098.0 56010.0 48486.0 60374.0 36028.0 65284.0 61183.0 49200.0 54357.0 47108.0 52179.0 56662.0 53558.0 53014.0 68448.0 70630.0
46088.0 52022.0 43717.0 40076.0 36606.0 44458.0 43971.0 32704.0 43933.0 45132.0 33102.0 43068.0 40074.0 54864.0 40420.0 45459.0 40972.0 45989.0 42181.0 46375.0 37643.0 55950.0 52033.0 34823.0 41963.0 42591.0 45173.0 41841.0 49657.0 42507.0 52606.0 53734.0
53206.0 52624.0 46671.0 46551.0 41221.0 40430.0 45198.0 39682.0 43739.0 45927.0 36156.0 44400.0 39350.0 52651.0 46317.0 46998.0 40525.0 52435.0 45343.0 49440.0 37956.0 58368.0 56786.0 38302.0 47888.0 47919.0 47419.0 42707.0 51707.0 44855.0 51031.0 59106.0
54374.0 51090.0 43862.0 45933.0 39078.0 45036.0 47697.0 40968.0 44758.0 49258.0 34301.0 42668.0 37570.0 49855.0 42272.0 49393.0 41418.0 46380.0 42322.0 51546.0 37006.0 55380.0 54985.0 41386.0 48439.0 43918.0 42881.0 46217.0 51977.0 48456.0 54407.0 59839.0
49518.0 52928.0 52224.0 51607.0 43316.0 56804.0 54964.0 49485.0 53063.0 49185.0 38782.0 48460.0 44053.0 62567.0 54573.0 53358.0 45323.0 56232.0 52783.0 57716.0 39980.0 62454.0 66347.0 45935.0 48575.0 45782.0 53942.0 42262.0 63114.0 53395.0 60911.0 65699.0
58609.0 56891.0 53411.0 52386.0 47411.0 49262.0 50293.0 47927.0 44466.0 49059.0 43976.0 55540.0 41838.0 59378.0 54884.0 55737.0 50458.0 58684.0 49781.0 64409.0 40604.0 62197.0 58790.0 43345.0 51387.0 46215.0 54124.0 50221.0 63848.0 53273.0 63907.0 66326.0
56820.0 50056.0 53040.0 51607.0 43390.0 52884.0 53068.0 49569.0 48845.0 52581.0 39388.0 51779.0 46239.0 59047.0 52498.0 54573.0 44380.0 59000.0 47656.0 61701.0 38100.0 61746.0 61454.0 41195.0 51787.0 47764.0 48127.0 50460.0 59413.0 54295.0 56993.0 67707.0
46564.0 47630.0 45998.0 45472.0 41912.0 47644.0 48065.0 42916.0 47051.0 44012.0 35227.0 44137.0 39547.0 52616.0 46360.0 45826.0 43190.0 52248.0 45973.0 52954.0 40054.0 51731.0 55521.0 38661.0 43040.0 42721.0 50280.0 43939.0 60509.0 49369.0 58554.0 61228.0
60791.0 61892.0 49290.0 61127.0 53776.0 60487.0 57342.0 54359.0 51524.0 54186.0 45182.0 57565.0 50112.0 65444.0 52731.0 58154.0 53844.0 60737.0 51107.0 65544.0 48198.0 67971.0 64846.0 47136.0 51410.0 55011.0 58089.0 59756.0 66418.0 54002.0 63286.0 63713.0
30137.0 33355.0 30942.0 29674.0 26507.0 35227.0 31283.0 29131.0 35318.0 32075.0 25204.0 31840.0 29256.0 38767.0 30995.0 33970.0 28171.0 32815.0 36811.0 34629.0 25497.0 35255.0 40014.0 28025.0 28996.0 25758.0 34632.0 30425.0 36924.0 32355.0 37361.0 42766.0
44927.0 42458.0 44613.0 43664.0 37424.0 41724.0 43009.0 40233.0 44388.0 38387.0 34441.0 44823.0 35171.0 49090.0 46212.0 49962.0 41182.0 52447.0 42240.0 49096.0 34367.0 53697.0 48400.0 35637.0 39771.0 38677.0 49029.0 40513.0 58257.0 42818.0 52164.0 58786.0
48651.0 52286.0 47878.0 53204.0 40201.0 48794.0 50665.0 47754.0 50024.0 48711.0 38387.0 48258.0 40443.0 55552.0 51126.0 50308.0 44555.0 55485.0 45202.0 57471.0 39322.0 61811.0 61596.0 42001.0 51314.0 48487.0 50565.0 51148.0 60038.0 49317.0 61101.0 64527.0
54155.0 55611.0 55202.0 56624.0 44268.0 54501.0 58577.0 46752.0 58072.0 53260.0 42738.0 57985.0 47008.0 63425.0 54824.0 56717.0 50058.0 59974.0 54601.0 56322.0 45839.0 65897.0 63892.0 44101.0 53394.0 49728.0 57077.0 48249.0 62021.0 50804.0 63693.0 72933.0
50106.0 47024.0 51584.0 53089.0 47786.0 45824.0 57247.0 52243.0 48456.0 47829.0 38682.0 51362.0 42780.0 52668.0 55797.0 51724.0 49916.0 55907.0 52794.0 60995.0 41926.0 58494.0 64222.0 39083.0 53226.0 47987.0 54125.0 49767.0 63483.0 49091.0 56224.0 69206.0
58786.0 53307.0 50111.0 61683.0 45180.0 50177.0 49056.0 48763.0 54069.0 52395.0 42204.0 53901.0 43321.0 65262.0 52753.0 54747.0 45903.0 60558.0 53699.0 60086.0 39984.0 65422.0 66066.0 47901.0 49179.0 49866.0 57989.0 52813.0 61110.0 57926.0 60567.0 71212.0
54152.0 54395.0 45162.0 56720.0 43018.0 48641.0 54561.0 46889.0 51801.0 51907.0 35868.0 46986.0 43097.0 64355.0 46787.0 51620.0 42769.0 52665.0 50203.0 57708.0 39701.0 59280.0 64731.0 47072.0 51666.0 48230.0 55683.0 47690.0 55825.0 52674.0 57320.0 65875.0
44538.0 49737.0 47670.0 47782.0 43730.0 47322.0 51748.0 43065.0 35963.0 37845.0 31740.0 49513.0 44603.0 52347.0 50557.0 45367.0 43774.0 53488.0 47212.0 53865.0 40298.0 55342.0 55505.0 37435.0 42139.0 45751.0 48462.0 44318.0 56159.0 42717.0 42943.0 58771.0
52162.0 50356.0 47711.0 55446.0 43144.0 49497.0 50083.0 44129.0 52334.0 45211.0 40772.0 55500.0 40611.0 59578.0 49807.0 56088.0 51457.0 54095.0 48921.0 52334.0 38792.0 63152.0 55015.0 35861.0 46060.0 45663.0 52677.0 45739.0 61596.0 52896.0 57544.0 64054.0
47295.0 48673.0 50062.0 51991.0 40531.0 48911.0 47482.0 45523.0 43832.0 45650.0 36850.0 50313.0 37643.0 56119.0 53763.0 45766.0 39564.0 53097.0 49548.0 58994.0 37642.0 64900.0 59475.0 41468.0 43999.0 45926.0 49215.0 49923.0 55738.0 55454.0 52883.0 62124.0
51925.0 51253.0 45919.0 57697.0 42860.0 46070.0 52057.0 40849.0 50412.0 50283.0 38886.0 46742.0 38517.0 56414.0 47018.0 48743.0 44664.0 53248.0 46673.0 54015.0 42580.0 60165.0 54117.0 39913.0 42516.0 47475.0 54185.0 49701.0 59938.0 44692.0 59429.0 62753.0
39679.0 42990.0 43434.0 43919.0 35485.0 43258.0 43810.0 39722.0 41713.0 40303.0 31059.0 43392.0 32895.0 45425.0 42634.0 41427.0 37592.0 49073.0 42419.0 47106.0 35585.0 49444.0 49999.0 32113.0 42426.0 42616.0 42274.0 45826.0 49680.0 43076.0 51941.0 59446.0
46036.0 45152.0 41826.0 39385.0 34773.0 43934.0 40044.0 44167.0 39734.0 40760.0 33479.0 46089.0 35824.0 52220.0 42434.0 43017.0 35830.0 46609.0 46855.0 51022.0 28817.0 50648.0 52533.0 40569.0 43375.0 38075.0 45627.0 40795.0 51670.0 54088.0 56067.0 58986.0
53405.0 47950.0 45250.0 45652.0 41127.0 41806.0 46388.0 40475.0 43030.0 47347.0 40057.0 46150.0 35545.0 52470.0 46020.0 49089.0 44741.0 54099.0 39858.0 51452.0 38127.0 60349.0 49794.0 36433.0 51079.0 42900.0 44330.0 38667.0 53165.0 45594.0 57964.0 60095.0
54239.0 48669.0 57503.0 48072.0 46455.0 55840.0 49864.0 51281.0 44562.0 48460.0 42206.0 53588.0 42632.0 53308.0 59166.0 55292.0 44382.0 55984.0 49877.0 63822.0 37335.0 60917.0 59753.0 48200.0 49643.0 41907.0 48498.0 52417.0 57520.0 52526.0 58922.0 71829.0
53510.0 57522.0 51714.0 52738.0 43652.0 58375.0 52350.0 44887.0 56169.0 55294.0 38518.0 51937.0 44415.0 66077.0 50851.0 52457.0 45485.0 50138.0 55249.0 61583.0 40134.0 63105.0 62463.0 46472.0 49786.0 48476.0 52324.0 54835.0 58281.0 55584.0 68098.0 67904.0
51686.0 51685.0 48417.0 50575.0 38615.0 53312.0 50353.0 44771.0 54557.0 50979.0 38569.0 45740.0 38199.0 57068.0 48244.0 50913.0 40208.0 53778.0 46378.0 54316.0 38770.0 60433.0 54576.0 41375.0 48613.0 46957.0 47624.0 52412.0 57973.0 51658.0 65917.0 67397.0
63957.0 60928.0 66571.0 65880.0 59027.0 65321.0 67084.0 63370.0 63579.0 60483.0 51123.0 63353.0 54491.0 70484.0 70982.0 67930.0 59300.0 71589.0 62789.0 77772.0 47815.0 77566.0 75580.0 58291.0 65066.0 57337.0 67505.0 67613.0 74664.0 64246.0 76845.0 93342.0
51764.0 48665.0 45231.0 53855.0 39592.0 44424.0 44890.0 43850.0 56526.0 46582.0 39236.0 46483.0 37750.0 58346.0 48707.0 53960.0 45375.0 53178.0 41225.0 52401.0 32348.0 59057.0 50169.0 34602.0 45207.0 44697.0 49004.0 50493.0 61611.0 51426.0 63511.0 65274.0
51027.0 49047.0 50439.0 48126.0 42795.0 49661.0 50291.0 44551.0 47253.0 47529.0 34004.0 46246.0 41817.0 58996.0 52487.0 52405.0 42655.0 52601.0 47656.0 55852.0 36267.0 60493.0 60379.0 46637.0 46453.0 44892.0 49589.0 38799.0 59919.0 52508.0 54240.0 63698.0
42509.0 44310.0 46007.0 43369.0 32965.0 42132.0 47141.0 38367.0 45332.0 44493.0 28919.0 41544.0 35608.0 52784.0 45109.0 44503.0 37724.0 37562.0 48521.0 53662.0 33493.0 56752.0 54830.0 36137.0 40858.0 39296.0 43184.0 41971.0 51453.0 50106.0 50454.0 56748.0
