4.987200000e+04 5.234700000e+04
4.451500000e+04 5.433200000e+04
6.143800000e+04 6.650500000e+04
5.471800000e+04 6.507500000e+04
5.221700000e+04 5.495000000e+04
4.708900000e+04 5.726600000e+04
5.153400000e+04 5.299900000e+04
5.048700000e+04 4.525000000e+04
4.127500000e+04 4.690900000e+04
5.082600000e+04 4.333700000e+04
5.087400000e+04 5.886500000e+04
6.111100000e+04 5.417700000e+04
4.915800000e+04 5.358900000e+04
5.003200000e+04 4.428500000e+04
4.051700000e+04 4.705000000e+04
4.896200000e+04 4.017400000e+04
4.299500000e+04 4.555000000e+04
3.782000000e+04 4.827700000e+04
6.029100000e+04 5.629900000e+04
4.780800000e+04 5.873600000e+04
4.901800000e+04 4.949600000e+04
3.733100000e+04 5.113700000e+04
4.347600000e+04 4.353700000e+04
3.892100000e+04 5.230600000e+04
4.037400000e+04 5.443700000e+04
4.623400000e+04 4.466900000e+04
4.788700000e+04 6.489600000e+04
5.794600000e+04 5.905200000e+04
4.273400000e+04 5.736300000e+04
4.625200000e+04 5.105700000e+04
3.774000000e+04 5.636400000e+04
5.076600000e+04 5.172400000e+04
4.271600000e+04 5.953600000e+04
4.626100000e+04 5.166700000e+04
5.648400000e+04 6.011000000e+04
5.337300000e+04 6.603800000e+04
4.811700000e+04 6.166800000e+04
4.955400000e+04 5.450700000e+04
4.655100000e+04 5.116800000e+04
4.881700000e+04 5.315200000e+04
4.450200000e+04 5.823800000e+04
5.635700000e+04 3.787600000e+04
4.912900000e+04 7.380700000e+04
6.431700000e+04 4.913400000e+04
4.706400000e+04 5.629100000e+04
6.115400000e+04 4.068500000e+04
4.123600000e+04 6.138500000e+04
5.582900000e+04 3.467200000e+04
4.051900000e+04 4.961600000e+04
5.074300000e+04 4.682900000e+04
5.471500000e+04 5.919500000e+04
5.857100000e+04 6.407300000e+04
4.703000000e+04 5.158000000e+04
5.298500000e+04 4.702200000e+04
4.766000000e+04 4.996100000e+04
4.597400000e+04 4.348600000e+04
6.143600000e+04 4.872100000e+04
5.067300000e+04 6.026000000e+04
7.102300000e+04 5.843400000e+04
7.227000000e+04 7.417400000e+04
6.081600000e+04 5.026900000e+04
5.543100000e+04 6.304300000e+04
5.683900000e+04 4.416100000e+04
5.299600000e+04 5.732900000e+04
5.486200000e+04 5.758700000e+04
5.511500000e+04 5.041100000e+04
5.246600000e+04 5.454600000e+04
4.778900000e+04 5.992900000e+04
5.414500000e+04 5.841800000e+04
5.481000000e+04 5.249600000e+04
5.249200000e+04 5.312000000e+04
4.632000000e+04 5.336100000e+04
4.964300000e+04 5.411600000e+04
5.419900000e+04 4.836600000e+04
4.190100000e+04 5.677500000e+04
5.783500000e+04 4.717000000e+04
4.550100000e+04 5.325900000e+04
5.571100000e+04 4.865200000e+04
4.368400000e+04 4.770800000e+04
5.202400000e+04 4.876400000e+04
5.832200000e+04 5.107000000e+04
4.455100000e+04 5.811600000e+04
5.692700000e+04 5.323800000e+04
3.680800000e+04 5.006400000e+04
5.166800000e+04 5.133400000e+04
4.427200000e+04 6.142900000e+04
4.800200000e+04 4.497800000e+04
3.633700000e+04 4.808200000e+04
5.203700000e+04 6.600200000e+04
5.617500000e+04 5.528900000e+04
4.231500000e+04 6.102300000e+04
4.842800000e+04 5.890700000e+04
5.003700000e+04 6.913500000e+04
5.714300000e+04 5.146200000e+04
4.275500000e+04 5.563300000e+04
4.517500000e+04 4.933800000e+04
5.214000000e+04 5.793300000e+04
5.119900000e+04 6.032000000e+04
4.690800000e+04 5.477500000e+04
5.292000000e+04 5.450500000e+04
5.347700000e+04 5.888500000e+04
5.173600000e+04 6.792800000e+04
4.841100000e+04 5.322600000e+04
4.586500000e+04 5.620200000e+04
4.552300000e+04 6.470500000e+04
6.185200000e+04 4.103600000e+04
3.903500000e+04 6.153000000e+04
6.457400000e+04 4.593800000e+04
4.504800000e+04 6.636400000e+04
6.031300000e+04 4.111300000e+04
3.992100000e+04 5.806500000e+04
5.976600000e+04 4.073500000e+04
5.552600000e+04 5.369900000e+04
5.877400000e+04 5.583300000e+04
4.853900000e+04 4.637600000e+04
5.424500000e+04 5.308600000e+04
5.285300000e+04 4.664600000e+04
5.319000000e+04 5.385100000e+04
4.617000000e+04 4.908700000e+04
5.369700000e+04 5.157500000e+04
6.352000000e+04 5.322000000e+04
6.642300000e+04 7.119300000e+04
5.916400000e+04 5.164600000e+04
5.812500000e+04 7.052800000e+04
6.264000000e+04 5.949100000e+04
6.384900000e+04 7.086700000e+04
6.052800000e+04 5.371000000e+04
5.861000000e+04 6.369400000e+04
4.663100000e+04 4.309700000e+04
3.917800000e+04 4.537000000e+04
4.765500000e+04 3.927900000e+04
4.756800000e+04 4.640200000e+04
5.651700000e+04 5.370300000e+04
4.875900000e+04 5.531800000e+04
4.761600000e+04 4.363900000e+04
4.337900000e+04 4.252200000e+04
3.376800000e+04 3.734200000e+04
4.293100000e+04 3.613800000e+04
3.996200000e+04 4.401200000e+04
4.374500000e+04 4.232100000e+04
4.202200000e+04 5.047400000e+04
5.510400000e+04 5.405600000e+04
4.005700000e+04 4.658900000e+04
3.802700000e+04 4.094600000e+04
4.288200000e+04 4.292600000e+04
3.347100000e+04 3.742300000e+04
4.342000000e+04 4.420100000e+04
3.543800000e+04 4.806400000e+04
5.093400000e+04 4.936600000e+04
4.132300000e+04 5.250700000e+04
4.037400000e+04 3.920200000e+04
3.964600000e+04 4.357600000e+04
3.372000000e+04 4.903500000e+04
3.869100000e+04 4.161800000e+04
4.107500000e+04 5.086200000e+04
4.889900000e+04 4.680300000e+04
4.373500000e+04 6.020400000e+04
5.330200000e+04 5.399400000e+04
3.684800000e+04 4.888700000e+04
4.762700000e+04 4.761800000e+04
3.601500000e+04 4.301200000e+04
3.977100000e+04 4.343500000e+04
4.172400000e+04 4.940900000e+04
4.417900000e+04 5.298600000e+04
4.607500000e+04 5.981900000e+04
5.201100000e+04 5.945000000e+04
4.329800000e+04 4.956100000e+04
3.913800000e+04 5.575900000e+04
3.260700000e+04 5.305200000e+04
4.971500000e+04 4.027400000e+04
3.101600000e+04 5.143300000e+04
5.438100000e+04 3.726700000e+04
3.489800000e+04 6.006200000e+04
6.395400000e+04 4.212700000e+04
3.355900000e+04 5.210500000e+04
4.874100000e+04 3.457900000e+04
3.656300000e+04 3.468900000e+04
4.770800000e+04 3.571200000e+04
4.105300000e+04 3.673400000e+04
4.570000000e+04 3.992200000e+04
5.127600000e+04 4.831500000e+04
5.496000000e+04 5.389100000e+04
4.573200000e+04 4.023500000e+04
4.152800000e+04 4.775300000e+04
4.767500000e+04 4.134600000e+04
5.250500000e+04 5.387200000e+04
5.348600000e+04 4.707200000e+04
4.960100000e+04 6.029900000e+04
6.518200000e+04 5.379900000e+04
6.240200000e+04 6.810900000e+04
5.371000000e+04 4.617600000e+04
5.325400000e+04 5.559400000e+04
5.731500000e+04 5.670200000e+04
6.131000000e+04 5.693700000e+04
4.517800000e+04 5.045700000e+04
4.352300000e+04 5.101300000e+04
5.175000000e+04 5.166600000e+04
5.397700000e+04 5.692600000e+04
5.634300000e+04 5.266900000e+04
5.285200000e+04 5.976700000e+04
4.965600000e+04 6.073900000e+04
5.790200000e+04 5.362300000e+04
4.084500000e+04 5.129700000e+04
5.081800000e+04 4.443500000e+04
4.712700000e+04 5.127600000e+04
5.139100000e+04 4.796600000e+04
4.810900000e+04 5.506400000e+04
6.306900000e+04 5.212500000e+04
5.529900000e+04 4.978800000e+04
4.498300000e+04 5.673100000e+04
5.482300000e+04 4.981400000e+04
3.619600000e+04 4.591400000e+04
5.384400000e+04 5.021100000e+04
4.312700000e+04 5.407000000e+04
6.090000000e+04 5.716200000e+04
4.547600000e+04 5.703900000e+04
4.534600000e+04 6.029700000e+04
6.431400000e+04 6.341800000e+04
3.651100000e+04 5.355800000e+04
4.549600000e+04 5.344000000e+04
4.063100000e+04 5.587900000e+04
5.782500000e+04 5.398700000e+04
5.053800000e+04 6.385300000e+04
5.603900000e+04 6.089500000e+04
5.340200000e+04 6.161400000e+04
5.692900000e+04 6.706000000e+04
4.617400000e+04 5.094700000e+04
4.932300000e+04 5.099800000e+04
4.907000000e+04 5.862000000e+04
5.490900000e+04 6.153500000e+04
5.681000000e+04 6.027600000e+04
5.282100000e+04 6.141600000e+04
4.594200000e+04 7.260400000e+04
6.768000000e+04 4.602800000e+04
4.113800000e+04 5.526100000e+04
5.991000000e+04 4.578100000e+04
4.150600000e+04 6.542100000e+04
6.243100000e+04 4.332800000e+04
4.265900000e+04 7.100200000e+04
6.582500000e+04 4.039600000e+04
5.747600000e+04 5.571100000e+04
5.654300000e+04 5.577200000e+04
4.774800000e+04 4.693500000e+04
5.138200000e+04 4.834600000e+04
4.879900000e+04 4.738700000e+04
5.516700000e+04 5.728700000e+04
5.599400000e+04 5.312600000e+04
5.674200000e+04 5.637500000e+04
7.113100000e+04 5.649000000e+04
6.512900000e+04 7.278800000e+04
5.945200000e+04 4.333200000e+04
6.103300000e+04 6.601200000e+04
6.263300000e+04 5.412400000e+04
6.166500000e+04 7.321800000e+04
6.543700000e+04 5.179100000e+04
6.126600000e+04 7.276500000e+04
4.664800000e+04 4.470300000e+04
4.973100000e+04 4.875300000e+04
5.528500000e+04 5.545400000e+04
5.346400000e+04 5.983300000e+04
4.679200000e+04 4.415100000e+04
4.098900000e+04 4.859400000e+04
4.728400000e+04 4.681800000e+04
4.741600000e+04 4.612900000e+04
4.189600000e+04 4.464600000e+04
4.679900000e+04 4.686700000e+04
4.844300000e+04 5.487600000e+04
5.826000000e+04 5.415200000e+04
3.654800000e+04 4.201700000e+04
5.076000000e+04 4.214700000e+04
3.928300000e+04 4.758000000e+04
4.976400000e+04 3.910900000e+04
4.899400000e+04 4.302600000e+04
3.610500000e+04 5.258000000e+04
5.636800000e+04 5.631500000e+04
4.253100000e+04 5.584000000e+04
4.510300000e+04 4.826100000e+04
3.656000000e+04 4.345900000e+04
4.399200000e+04 4.544600000e+04
3.734600000e+04 4.943400000e+04
3.873200000e+04 5.052100000e+04
5.237000000e+04 5.440000000e+04
4.464600000e+04 6.114800000e+04
5.590700000e+04 6.195600000e+04
3.506900000e+04 5.019100000e+04
4.437000000e+04 4.763400000e+04
3.419100000e+04 5.589600000e+04
4.569100000e+04 5.008100000e+04
4.474100000e+04 5.338500000e+04
5.614400000e+04 5.434600000e+04
5.006800000e+04 6.402500000e+04
5.723900000e+04 6.215600000e+04
4.310900000e+04 4.650300000e+04
3.499300000e+04 5.079800000e+04
4.340500000e+04 5.166700000e+04
3.828100000e+04 4.947500000e+04
3.693500000e+04 5.572600000e+04
5.670000000e+04 3.463500000e+04
4.414000000e+04 7.188800000e+04
6.574000000e+04 4.487900000e+04
3.512400000e+04 6.018000000e+04
5.057500000e+04 3.939700000e+04
3.614900000e+04 6.280100000e+04
4.875400000e+04 3.700600000e+04
5.193400000e+04 4.246800000e+04
5.035900000e+04 4.324600000e+04
5.915500000e+04 4.917200000e+04
6.001600000e+04 5.483900000e+04
4.486300000e+04 4.075100000e+04
4.231400000e+04 4.326900000e+04
4.461400000e+04 4.288900000e+04
4.748900000e+04 4.374300000e+04
5.884000000e+04 4.781400000e+04
5.377300000e+04 6.555000000e+04
6.673600000e+04 5.815800000e+04
6.706700000e+04 7.714500000e+04
5.144800000e+04 4.478200000e+04
5.203600000e+04 5.869600000e+04
5.098200000e+04 4.666400000e+04
5.919900000e+04 6.290600000e+04
4.010400000e+04 3.787300000e+04
3.732100000e+04 3.892200000e+04
4.626100000e+04 4.180800000e+04
4.717400000e+04 4.672600000e+04
5.028200000e+04 5.013000000e+04
4.642300000e+04 4.641200000e+04
4.185000000e+04 4.194300000e+04
4.009100000e+04 3.878400000e+04
3.324000000e+04 4.167700000e+04
3.606300000e+04 3.082000000e+04
3.737900000e+04 4.510100000e+04
4.689500000e+04 3.798000000e+04
4.245200000e+04 4.783800000e+04
4.912500000e+04 4.535400000e+04
3.911400000e+04 4.101900000e+04
3.431000000e+04 3.834600000e+04
3.777100000e+04 3.501600000e+04
2.928400000e+04 4.116100000e+04
4.889500000e+04 4.836800000e+04
3.591000000e+04 4.065500000e+04
5.026600000e+04 4.749100000e+04
3.821900000e+04 5.115700000e+04
3.870700000e+04 3.388500000e+04
3.292900000e+04 4.282600000e+04
3.223800000e+04 4.694200000e+04
3.717700000e+04 3.949300000e+04
3.155300000e+04 5.078900000e+04
4.767700000e+04 5.488100000e+04
4.122800000e+04 5.586900000e+04
4.831800000e+04 5.058800000e+04
3.757800000e+04 4.220000000e+04
3.919500000e+04 4.305600000e+04
3.125200000e+04 4.256500000e+04
3.779800000e+04 4.069800000e+04
3.967600000e+04 5.144400000e+04
4.875800000e+04 5.034200000e+04
4.430300000e+04 5.201500000e+04
4.826400000e+04 5.176400000e+04
3.595500000e+04 4.504200000e+04
4.444900000e+04 4.390600000e+04
2.976500000e+04 4.869800000e+04
4.163800000e+04 3.459600000e+04
3.519600000e+04 6.233500000e+04
5.572100000e+04 4.002800000e+04
3.655000000e+04 5.562000000e+04
5.935400000e+04 4.230100000e+04
3.179200000e+04 4.057000000e+04
4.830300000e+04 3.314800000e+04
3.664600000e+04 3.789100000e+04
4.262900000e+04 4.043300000e+04
4.689700000e+04 4.260200000e+04
4.891100000e+04 4.192800000e+04
5.244300000e+04 4.732700000e+04
4.993600000e+04 4.888000000e+04
4.083400000e+04 3.895300000e+04
4.717300000e+04 4.607200000e+04
3.925400000e+04 3.739900000e+04
4.442900000e+04 5.101000000e+04
5.531000000e+04 4.388500000e+04
5.522100000e+04 6.469800000e+04
5.118800000e+04 4.326100000e+04
5.725600000e+04 6.586000000e+04
4.506600000e+04 3.815100000e+04
4.641600000e+04 5.579400000e+04
5.230800000e+04 4.656200000e+04
4.887600000e+04 5.046100000e+04
5.160700000e+04 5.208800000e+04
5.254800000e+04 5.450900000e+04
4.970000000e+04 5.202600000e+04
4.503800000e+04 5.386800000e+04
5.540600000e+04 5.398200000e+04
4.698300000e+04 5.630400000e+04
4.985900000e+04 4.922900000e+04
4.919000000e+04 4.490000000e+04
3.996500000e+04 5.081300000e+04
5.242900000e+04 4.526000000e+04
4.478700000e+04 4.663800000e+04
4.572900000e+04 4.496400000e+04
4.087100000e+04 5.453300000e+04
5.618200000e+04 5.473200000e+04
4.723400000e+04 4.778800000e+04
4.101200000e+04 4.730400000e+04
5.019800000e+04 4.855200000e+04
3.742000000e+04 5.406200000e+04
4.467800000e+04 4.430800000e+04
3.621600000e+04 5.045800000e+04
5.059500000e+04 5.027600000e+04
3.845900000e+04 5.352300000e+04
3.953100000e+04 5.117000000e+04
5.316000000e+04 5.616000000e+04
4.431700000e+04 6.149100000e+04
5.311400000e+04 4.669500000e+04
3.754800000e+04 5.510900000e+04
4.472100000e+04 4.804200000e+04
4.683800000e+04 6.160700000e+04
5.248500000e+04 5.104300000e+04
4.877400000e+04 5.084900000e+04
4.619200000e+04 5.852300000e+04
4.302600000e+04 5.611600000e+04
5.366300000e+04 5.751300000e+04
4.282400000e+04 5.878600000e+04
5.058200000e+04 5.149900000e+04
4.453100000e+04 5.728600000e+04
5.481600000e+04 5.955800000e+04
3.992900000e+04 6.226100000e+04
5.342600000e+04 3.956800000e+04
3.779300000e+04 6.115200000e+04
6.390300000e+04 4.403400000e+04
3.855100000e+04 5.746500000e+04
5.788600000e+04 4.019000000e+04
3.697600000e+04 5.914600000e+04
6.592100000e+04 4.259700000e+04
4.815700000e+04 4.387900000e+04
4.900700000e+04 4.834900000e+04
4.910900000e+04 5.133600000e+04
5.135800000e+04 4.868700000e+04
4.643500000e+04 4.728400000e+04
5.583300000e+04 5.065300000e+04
4.747000000e+04 4.943300000e+04
4.820700000e+04 4.932300000e+04
5.821500000e+04 4.317200000e+04
5.573100000e+04 6.104600000e+04
5.525900000e+04 5.300600000e+04
5.612200000e+04 6.683600000e+04
5.402000000e+04 5.029000000e+04
5.766600000e+04 6.578800000e+04
6.503200000e+04 5.675700000e+04
5.411200000e+04 6.342800000e+04
3.981800000e+04 4.441300000e+04
4.136800000e+04 4.376600000e+04
5.779200000e+04 6.122100000e+04
5.527500000e+04 5.526100000e+04
4.575300000e+04 3.863100000e+04
4.501600000e+04 4.705000000e+04
4.719100000e+04 4.501100000e+04
4.328000000e+04 4.211800000e+04
4.033000000e+04 4.929700000e+04
4.653500000e+04 4.073400000e+04
4.260400000e+04 5.389800000e+04
5.663000000e+04 5.144800000e+04
4.348700000e+04 4.225200000e+04
4.238600000e+04 4.133800000e+04
3.717700000e+04 4.123800000e+04
4.254900000e+04 4.042900000e+04
4.603000000e+04 4.238500000e+04
3.406000000e+04 4.345500000e+04
5.208000000e+04 5.713500000e+04
3.679800000e+04 5.559500000e+04
4.455300000e+04 4.291200000e+04
3.350700000e+04 4.335500000e+04
4.403100000e+04 3.857700000e+04
3.658300000e+04 4.342300000e+04
3.902500000e+04 4.946400000e+04
4.313500000e+04 4.380100000e+04
4.704700000e+04 6.094200000e+04
5.111700000e+04 5.388000000e+04
3.966200000e+04 4.971000000e+04
4.804100000e+04 5.025900000e+04
3.399800000e+04 4.675100000e+04
4.641300000e+04 5.239700000e+04
4.153500000e+04 4.521100000e+04
4.433300000e+04 4.685500000e+04
4.595800000e+04 5.855200000e+04
6.276700000e+04 6.009100000e+04
4.191600000e+04 4.945600000e+04
4.538200000e+04 5.304600000e+04
4.493800000e+04 5.387600000e+04
4.326200000e+04 4.785600000e+04
3.430600000e+04 4.715300000e+04
5.153200000e+04 3.671200000e+04
4.440700000e+04 6.849000000e+04
7.272500000e+04 4.661700000e+04
3.046100000e+04 5.258100000e+04
5.441600000e+04 3.874700000e+04
3.413900000e+04 5.122700000e+04
4.695500000e+04 3.124500000e+04
4.436200000e+04 3.964400000e+04
4.318900000e+04 4.432400000e+04
5.720500000e+04 5.310300000e+04
5.370700000e+04 5.059600000e+04
4.597700000e+04 3.873100000e+04
4.902400000e+04 4.119400000e+04
4.262100000e+04 3.893200000e+04
4.353000000e+04 4.090000000e+04
4.577100000e+04 3.976100000e+04
5.110000000e+04 6.080200000e+04
6.204600000e+04 5.973300000e+04
6.466200000e+04 7.197400000e+04
5.097200000e+04 4.367900000e+04
4.705700000e+04 6.135600000e+04
6.322600000e+04 4.343500000e+04
5.490500000e+04 6.067500000e+04
4.817900000e+04 4.896700000e+04
5.027000000e+04 4.585200000e+04
6.299000000e+04 5.230500000e+04
4.861000000e+04 5.462500000e+04
5.217700000e+04 4.810700000e+04
4.933200000e+04 4.798300000e+04
4.204200000e+04 4.211000000e+04
4.128700000e+04 4.801200000e+04
4.310000000e+04 5.300800000e+04
4.654800000e+04 4.617300000e+04
4.658700000e+04 5.303700000e+04
5.527000000e+04 4.740100000e+04
4.133500000e+04 4.355200000e+04
4.634800000e+04 4.770600000e+04
4.118300000e+04 4.067900000e+04
4.489600000e+04 3.908700000e+04
5.531800000e+04 4.974900000e+04
4.071700000e+04 5.115800000e+04
5.354800000e+04 5.539100000e+04
4.206200000e+04 5.289100000e+04
3.981900000e+04 4.269800000e+04
3.890500000e+04 5.140000000e+04
4.016300000e+04 4.188700000e+04
3.621900000e+04 4.954700000e+04
4.255800000e+04 5.827600000e+04
5.067500000e+04 5.451800000e+04
4.931300000e+04 6.364400000e+04
4.905500000e+04 5.927200000e+04
3.574900000e+04 5.058200000e+04
5.233600000e+04 4.869900000e+04
3.557500000e+04 4.927200000e+04
4.629200000e+04 4.218700000e+04
4.294800000e+04 5.175700000e+04
5.569400000e+04 5.873700000e+04
4.908300000e+04 5.745100000e+04
5.496100000e+04 5.668800000e+04
4.425500000e+04 5.556400000e+04
5.001400000e+04 6.048900000e+04
4.380200000e+04 5.138200000e+04
4.341900000e+04 4.871700000e+04
3.739500000e+04 5.426300000e+04
6.136700000e+04 4.262600000e+04
4.020800000e+04 6.250300000e+04
6.520600000e+04 4.507300000e+04
3.882300000e+04 5.730800000e+04
5.648200000e+04 3.627500000e+04
3.524300000e+04 5.640400000e+04
4.795300000e+04 3.231100000e+04
5.143000000e+04 4.305700000e+04
5.585100000e+04 5.351100000e+04
4.963300000e+04 4.988000000e+04
5.570700000e+04 4.933200000e+04
4.633500000e+04 4.585300000e+04
4.819400000e+04 4.694000000e+04
4.331900000e+04 4.000200000e+04
4.576800000e+04 4.455200000e+04
5.671700000e+04 5.146200000e+04
6.239600000e+04 6.969900000e+04
6.350500000e+04 5.300900000e+04
5.595700000e+04 6.812600000e+04
6.469300000e+04 5.176100000e+04
5.744400000e+04 5.978700000e+04
4.784000000e+04 4.206600000e+04
4.703000000e+04 5.913200000e+04
5.073400000e+04 5.369100000e+04
4.793100000e+04 5.487800000e+04
5.775800000e+04 5.224500000e+04
5.262000000e+04 5.443200000e+04
5.461200000e+04 5.307900000e+04
5.179100000e+04 6.152100000e+04
5.807700000e+04 5.010900000e+04
4.852600000e+04 4.963000000e+04
4.561600000e+04 5.148600000e+04
4.870700000e+04 5.220000000e+04
4.250200000e+04 5.045700000e+04
5.070000000e+04 4.580100000e+04
4.807700000e+04 5.478800000e+04
6.242600000e+04 6.032900000e+04
4.253300000e+04 4.810100000e+04
4.590900000e+04 4.291000000e+04
5.042500000e+04 4.568600000e+04
4.019300000e+04 5.259200000e+04
5.083700000e+04 4.699300000e+04
4.100200000e+04 5.766800000e+04
5.226100000e+04 5.589700000e+04
3.956500000e+04 5.941800000e+04
5.220700000e+04 4.748500000e+04
4.223800000e+04 5.022400000e+04
4.590200000e+04 6.103400000e+04
5.178500000e+04 5.355500000e+04
4.675200000e+04 6.754400000e+04
5.430600000e+04 5.361900000e+04
4.896600000e+04 5.796800000e+04
5.297800000e+04 6.057600000e+04
3.837200000e+04 5.807200000e+04
5.297700000e+04 5.256000000e+04
4.707500000e+04 5.669800000e+04
5.230600000e+04 5.668900000e+04
4.760500000e+04 5.945300000e+04
5.244700000e+04 6.007100000e+04
5.411700000e+04 6.221000000e+04
5.672700000e+04 6.512400000e+04
4.270700000e+04 5.515200000e+04
4.832200000e+04 5.568300000e+04
3.848100000e+04 5.944200000e+04
6.540300000e+04 4.577100000e+04
3.904400000e+04 6.068200000e+04
6.037100000e+04 3.930500000e+04
4.425700000e+04 6.933800000e+04
7.304000000e+04 4.557900000e+04
3.554800000e+04 5.767800000e+04
5.041900000e+04 3.699500000e+04
4.791000000e+04 4.686300000e+04
5.735800000e+04 4.947300000e+04
4.787900000e+04 4.904500000e+04
5.344100000e+04 4.828300000e+04
5.732800000e+04 5.286400000e+04
5.980700000e+04 5.670000000e+04
5.156800000e+04 4.430700000e+04
4.617800000e+04 4.518600000e+04
6.188000000e+04 5.233600000e+04
6.029400000e+04 6.701500000e+04
6.287600000e+04 5.670600000e+04
5.617300000e+04 6.709100000e+04
6.945000000e+04 5.928700000e+04
6.072600000e+04 7.291600000e+04
5.820000000e+04 4.956300000e+04
6.225000000e+04 6.256300000e+04
5.252900000e+04 5.130200000e+04
4.883400000e+04 4.651400000e+04
4.965600000e+04 4.362100000e+04
4.912500000e+04 4.584000000e+04
6.160000000e+04 5.989200000e+04
6.385200000e+04 6.387800000e+04
4.935100000e+04 4.741300000e+04
4.764300000e+04 5.612800000e+04
4.071100000e+04 5.184900000e+04
5.135000000e+04 4.413000000e+04
3.654100000e+04 4.318000000e+04
4.980500000e+04 4.389300000e+04
5.594700000e+04 5.475800000e+04
6.070700000e+04 5.474700000e+04
4.824500000e+04 5.236800000e+04
4.650900000e+04 4.923800000e+04
4.730000000e+04 4.670500000e+04
3.904000000e+04 5.355600000e+04
5.020600000e+04 4.581200000e+04
3.721400000e+04 4.601900000e+04
5.872000000e+04 5.510700000e+04
4.697500000e+04 6.124600000e+04
5.165900000e+04 4.347600000e+04
3.823400000e+04 4.590600000e+04
3.976100000e+04 5.928200000e+04
4.669500000e+04 5.243800000e+04
4.162400000e+04 5.611900000e+04
4.977400000e+04 4.820700000e+04
5.137800000e+04 6.843600000e+04
6.514400000e+04 6.324000000e+04
4.119600000e+04 5.411000000e+04
5.080100000e+04 5.561100000e+04
4.509700000e+04 5.269700000e+04
4.457600000e+04 5.184800000e+04
4.464600000e+04 4.683000000e+04
4.443900000e+04 5.490700000e+04
5.949900000e+04 6.123400000e+04
6.197000000e+04 7.386600000e+04
4.481700000e+04 5.227100000e+04
4.629700000e+04 5.581100000e+04
3.988200000e+04 5.711600000e+04
5.734100000e+04 4.450800000e+04
3.294800000e+04 6.072500000e+04
5.538500000e+04 3.209900000e+04
4.907200000e+04 7.867000000e+04
6.930500000e+04 4.689000000e+04
3.781800000e+04 5.700400000e+04
6.101800000e+04 4.518100000e+04
4.734900000e+04 4.467900000e+04
5.211200000e+04 4.559300000e+04
4.411800000e+04 4.644200000e+04
4.480500000e+04 4.682000000e+04
5.824500000e+04 5.641000000e+04
6.622800000e+04 6.193800000e+04
4.574000000e+04 4.659800000e+04
5.429000000e+04 5.145300000e+04
5.500800000e+04 4.902900000e+04
6.110800000e+04 6.551600000e+04
5.842800000e+04 5.071200000e+04
5.444300000e+04 6.149400000e+04
7.217200000e+04 6.254800000e+04
7.001100000e+04 8.013300000e+04
5.620800000e+04 4.871700000e+04
5.356600000e+04 6.505800000e+04
5.317400000e+04 5.451100000e+04
5.097700000e+04 5.976400000e+04
5.478700000e+04 5.681400000e+04
4.851500000e+04 5.237000000e+04
5.026200000e+04 4.893400000e+04
4.837700000e+04 4.823800000e+04
5.784000000e+04 5.218000000e+04
5.261500000e+04 5.566100000e+04
4.913300000e+04 4.888300000e+04
5.661600000e+04 4.731100000e+04
4.241400000e+04 5.786500000e+04
5.502200000e+04 4.733400000e+04
3.948000000e+04 4.216500000e+04
4.902200000e+04 4.230500000e+04
4.360800000e+04 5.418200000e+04
5.640000000e+04 5.110800000e+04
5.156800000e+04 5.328300000e+04
3.801700000e+04 5.563300000e+04
5.215700000e+04 4.589700000e+04
3.863200000e+04 5.142200000e+04
4.378900000e+04 4.466200000e+04
3.885400000e+04 4.798800000e+04
4.850500000e+04 5.352200000e+04
4.304300000e+04 5.679800000e+04
4.311600000e+04 5.924600000e+04
5.177700000e+04 5.767000000e+04
4.427200000e+04 6.355900000e+04
4.932800000e+04 5.681900000e+04
3.420700000e+04 5.603800000e+04
5.098100000e+04 4.426500000e+04
4.073700000e+04 6.308300000e+04
5.210800000e+04 5.886400000e+04
5.633200000e+04 6.427900000e+04
5.254000000e+04 6.027300000e+04
4.495500000e+04 5.365100000e+04
5.110600000e+04 5.236300000e+04
4.273100000e+04 4.975200000e+04
4.554700000e+04 5.415600000e+04
5.043200000e+04 6.545100000e+04
4.968500000e+04 5.966500000e+04
4.458200000e+04 6.419500000e+04
6.318500000e+04 4.166400000e+04
4.222700000e+04 5.876800000e+04
6.048500000e+04 4.203100000e+04
3.784400000e+04 6.223600000e+04
5.677900000e+04 4.429100000e+04
3.991400000e+04 6.685300000e+04
6.147500000e+04 4.293100000e+04
5.407400000e+04 5.306300000e+04
5.475500000e+04 5.080900000e+04
4.729000000e+04 5.213600000e+04
5.196200000e+04 4.642100000e+04
4.350300000e+04 4.295700000e+04
5.077000000e+04 4.400000000e+04
4.796000000e+04 4.607600000e+04
5.514900000e+04 4.784400000e+04
6.698800000e+04 5.454700000e+04
5.953000000e+04 7.472400000e+04
6.341000000e+04 5.230500000e+04
5.642900000e+04 6.366600000e+04
5.509800000e+04 5.132000000e+04
5.924500000e+04 6.480300000e+04
6.858300000e+04 5.799200000e+04
6.523900000e+04 7.288800000e+04
4.142500000e+04 4.526400000e+04
4.169500000e+04 4.330300000e+04
5.571000000e+04 5.317200000e+04
5.331400000e+04 5.816500000e+04
6.068900000e+04 6.126700000e+04
5.118500000e+04 6.489300000e+04
4.157400000e+04 4.370000000e+04
4.036200000e+04 3.986000000e+04
3.117100000e+04 3.641300000e+04
4.389600000e+04 3.651700000e+04
4.649100000e+04 5.555100000e+04
5.291500000e+04 4.285400000e+04
4.840100000e+04 5.548000000e+04
5.934300000e+04 5.285800000e+04
3.768200000e+04 4.716700000e+04
4.330700000e+04 3.768400000e+04
4.203000000e+04 3.903100000e+04
2.871800000e+04 4.308000000e+04
4.945900000e+04 4.690800000e+04
4.265000000e+04 5.388300000e+04
6.275100000e+04 5.652300000e+04
4.132600000e+04 5.733500000e+04
4.291900000e+04 4.310300000e+04
3.043700000e+04 4.284300000e+04
2.967100000e+04 4.784700000e+04
3.716400000e+04 4.364700000e+04
3.976500000e+04 6.112100000e+04
5.529400000e+04 5.423700000e+04
4.820900000e+04 6.883200000e+04
5.452500000e+04 6.034700000e+04
3.594300000e+04 4.658600000e+04
3.821600000e+04 4.735300000e+04
3.851700000e+04 4.234000000e+04
4.179500000e+04 4.084700000e+04
4.885700000e+04 5.773200000e+04
4.720700000e+04 5.632700000e+04
5.303000000e+04 5.674900000e+04
5.944600000e+04 6.201300000e+04
3.676100000e+04 4.925300000e+04
4.193900000e+04 4.656400000e+04
3.166600000e+04 5.157800000e+04
5.012500000e+04 3.125700000e+04
4.323300000e+04 6.521400000e+04
5.644200000e+04 4.564300000e+04
4.381200000e+04 6.546900000e+04
7.036200000e+04 4.695100000e+04
3.526900000e+04 4.752700000e+04
4.941200000e+04 4.073500000e+04
4.189300000e+04 4.105400000e+04
4.459400000e+04 3.768900000e+04
4.304800000e+04 4.806200000e+04
5.293100000e+04 4.801400000e+04
5.714000000e+04 5.382500000e+04
5.980000000e+04 5.663700000e+04
4.432000000e+04 3.695700000e+04
4.642100000e+04 4.452000000e+04
4.654100000e+04 4.441700000e+04
5.212600000e+04 5.680200000e+04
6.135400000e+04 4.802400000e+04
6.197800000e+04 6.716400000e+04
6.621900000e+04 5.833800000e+04
6.564400000e+04 7.323200000e+04
4.546200000e+04 3.834900000e+04
5.241100000e+04 5.885600000e+04
6.781500000e+04 6.125100000e+04
5.881400000e+04 5.385700000e+04
5.627400000e+04 5.571300000e+04
4.824000000e+04 4.866000000e+04
6.435000000e+04 6.374800000e+04
6.472300000e+04 6.151400000e+04
4.746200000e+04 4.337200000e+04
4.846000000e+04 4.612800000e+04
4.675700000e+04 5.495300000e+04
6.177400000e+04 5.445300000e+04
4.579900000e+04 4.567900000e+04
4.985100000e+04 4.716300000e+04
4.827200000e+04 5.812500000e+04
6.280700000e+04 5.657900000e+04
4.419200000e+04 4.708500000e+04
4.563200000e+04 4.562100000e+04
5.326300000e+04 5.452500000e+04
4.385600000e+04 5.394200000e+04
4.114500000e+04 4.684200000e+04
4.237900000e+04 5.731100000e+04
5.378300000e+04 5.605500000e+04
4.600000000e+04 6.161900000e+04
4.935900000e+04 3.893400000e+04
3.657500000e+04 4.990300000e+04
4.616300000e+04 6.472000000e+04
6.029900000e+04 6.340800000e+04
4.202400000e+04 6.128300000e+04
4.929800000e+04 5.077400000e+04
4.814900000e+04 6.394300000e+04
6.458100000e+04 6.212200000e+04
4.269800000e+04 5.217400000e+04
5.028600000e+04 5.729500000e+04
5.011200000e+04 5.889100000e+04
5.058400000e+04 6.575400000e+04
4.876200000e+04 5.881900000e+04
5.136500000e+04 5.757900000e+04
5.410800000e+04 6.472000000e+04
5.885500000e+04 7.272600000e+04
4.618200000e+04 5.125000000e+04
5.122900000e+04 5.049500000e+04
3.648500000e+04 7.257600000e+04
6.493200000e+04 4.837700000e+04
4.099500000e+04 5.989100000e+04
6.285400000e+04 4.685800000e+04
5.020100000e+04 7.832100000e+04
7.358900000e+04 5.160500000e+04
3.444400000e+04 5.476300000e+04
5.369100000e+04 3.583300000e+04
6.147700000e+04 5.575900000e+04
5.316300000e+04 5.541000000e+04
5.208400000e+04 5.027300000e+04
5.872000000e+04 4.870600000e+04
6.101400000e+04 6.074200000e+04
6.011400000e+04 6.034700000e+04
4.431000000e+04 4.106600000e+04
5.362300000e+04 4.234500000e+04
6.579300000e+04 5.688400000e+04
6.903900000e+04 7.335500000e+04
5.884900000e+04 5.009100000e+04
6.129300000e+04 6.775600000e+04
7.497300000e+04 6.429100000e+04
7.119400000e+04 7.743300000e+04
6.037500000e+04 4.439000000e+04
5.312300000e+04 6.201100000e+04
4.536700000e+04 4.826100000e+04
3.871600000e+04 4.445700000e+04
4.773900000e+04 4.158900000e+04
4.107000000e+04 5.006900000e+04
4.358400000e+04 3.544100000e+04
4.012400000e+04 4.498300000e+04
6.398900000e+04 5.948000000e+04
5.732400000e+04 5.199100000e+04
3.617700000e+04 3.765400000e+04
3.981400000e+04 4.033400000e+04
4.091400000e+04 4.947500000e+04
4.244600000e+04 4.541500000e+04
3.380800000e+04 4.032200000e+04
3.672400000e+04 3.830900000e+04
4.847900000e+04 5.246700000e+04
5.703500000e+04 5.149500000e+04
3.757200000e+04 3.539000000e+04
3.176200000e+04 4.320100000e+04
5.419600000e+04 4.431800000e+04
3.822200000e+04 4.484300000e+04
4.551200000e+04 3.871900000e+04
3.186500000e+04 3.777500000e+04
5.581900000e+04 5.534200000e+04
4.508100000e+04 5.900600000e+04
3.584500000e+04 4.530400000e+04
3.986200000e+04 4.655900000e+04
3.581300000e+04 5.196700000e+04
4.432000000e+04 5.582400000e+04
2.697400000e+04 4.360500000e+04
4.392500000e+04 4.512100000e+04
5.068600000e+04 6.723300000e+04
5.658800000e+04 6.378200000e+04
3.850400000e+04 4.644800000e+04
4.177400000e+04 4.514300000e+04
4.251100000e+04 5.309600000e+04
4.640800000e+04 4.688300000e+04
3.296500000e+04 4.321000000e+04
4.178700000e+04 4.695700000e+04
5.277600000e+04 6.726700000e+04
5.889300000e+04 6.141300000e+04
3.492400000e+04 5.281000000e+04
5.162600000e+04 3.159600000e+04
3.199500000e+04 5.132000000e+04
5.276400000e+04 3.961700000e+04
2.704300000e+04 4.855700000e+04
4.562500000e+04 3.620400000e+04
4.175900000e+04 7.288400000e+04
6.644300000e+04 4.630800000e+04
4.765100000e+04 4.123800000e+04
4.547100000e+04 4.186600000e+04
4.471900000e+04 3.882600000e+04
5.113800000e+04 4.478000000e+04
4.089100000e+04 3.404200000e+04
4.204500000e+04 3.677000000e+04
6.325200000e+04 5.005000000e+04
6.153900000e+04 5.239100000e+04
4.700600000e+04 4.230100000e+04
4.470600000e+04 5.044400000e+04
5.739600000e+04 4.461500000e+04
5.984900000e+04 6.518300000e+04
5.042600000e+04 4.423000000e+04
5.416900000e+04 5.441100000e+04
6.477100000e+04 5.870700000e+04
6.913900000e+04 7.934300000e+04
5.171100000e+04 5.358400000e+04
4.899700000e+04 4.357100000e+04
6.008900000e+04 5.897100000e+04
5.629900000e+04 5.768000000e+04
4.831200000e+04 5.094100000e+04
4.781100000e+04 5.050100000e+04
5.647300000e+04 5.733000000e+04
5.631900000e+04 5.235800000e+04
4.570900000e+04 4.747300000e+04
5.054500000e+04 4.531600000e+04
4.784100000e+04 5.541300000e+04
5.053100000e+04 4.783700000e+04
4.607500000e+04 5.285200000e+04
5.001000000e+04 4.619300000e+04
4.409000000e+04 4.795300000e+04
5.856200000e+04 4.738800000e+04
4.722200000e+04 5.031700000e+04
3.777700000e+04 4.743300000e+04
4.665600000e+04 4.817800000e+04
4.126800000e+04 5.719900000e+04
4.948100000e+04 4.714800000e+04
3.466300000e+04 5.000600000e+04
5.289100000e+04 4.799800000e+04
4.228800000e+04 5.387600000e+04
4.405000000e+04 5.764000000e+04
4.700100000e+04 5.122800000e+04
3.932800000e+04 6.371500000e+04
5.529600000e+04 5.703400000e+04
4.639200000e+04 5.921800000e+04
4.817500000e+04 5.075000000e+04
4.415000000e+04 6.071200000e+04
5.800700000e+04 5.418300000e+04
4.691800000e+04 5.136200000e+04
4.400100000e+04 5.681200000e+04
4.471000000e+04 6.482500000e+04
5.033200000e+04 6.113200000e+04
4.342200000e+04 5.614900000e+04
5.404100000e+04 5.387200000e+04
4.971500000e+04 5.614300000e+04
5.595900000e+04 5.985100000e+04
4.141800000e+04 6.221900000e+04
5.932000000e+04 3.985400000e+04
4.329000000e+04 6.420900000e+04
5.942100000e+04 4.799300000e+04
3.914100000e+04 5.693700000e+04
6.168200000e+04 4.587900000e+04
4.250700000e+04 6.904900000e+04
6.172400000e+04 3.684400000e+04
5.206900000e+04 4.558400000e+04
5.152300000e+04 4.686000000e+04
4.990700000e+04 4.980600000e+04
5.734700000e+04 4.902600000e+04
4.674000000e+04 4.656600000e+04
5.526600000e+04 4.773200000e+04
5.469800000e+04 5.196800000e+04
5.637000000e+04 4.880400000e+04
5.642200000e+04 4.822200000e+04
6.384800000e+04 6.206800000e+04
6.418800000e+04 5.789600000e+04
6.710800000e+04 7.120500000e+04
5.506400000e+04 4.913400000e+04
5.327200000e+04 6.781700000e+04
6.644200000e+04 5.295400000e+04
6.441400000e+04 6.689600000e+04
4.752400000e+04 5.095600000e+04
4.828500000e+04 4.807700000e+04
5.040800000e+04 4.933700000e+04
4.362400000e+04 4.830500000e+04
5.283100000e+04 5.484500000e+04
4.827700000e+04 5.483400000e+04
6.202300000e+04 5.601100000e+04
5.545100000e+04 5.564800000e+04
4.440100000e+04 4.753900000e+04
4.460400000e+04 4.358200000e+04
4.356700000e+04 4.796000000e+04
3.910200000e+04 4.406200000e+04
4.337800000e+04 5.401300000e+04
5.782000000e+04 5.159900000e+04
4.710000000e+04 5.428200000e+04
5.460600000e+04 5.082700000e+04
4.666800000e+04 4.597200000e+04
3.637300000e+04 5.326900000e+04
4.656000000e+04 4.265400000e+04
3.687100000e+04 4.543600000e+04
5.191400000e+04 5.385500000e+04
3.772600000e+04 4.776200000e+04
5.816200000e+04 5.430500000e+04
4.491800000e+04 5.466400000e+04
4.638700000e+04 5.440000000e+04
4.771500000e+04 4.750800000e+04
3.956500000e+04 4.893500000e+04
4.555300000e+04 4.946500000e+04
4.306900000e+04 5.977100000e+04
5.070900000e+04 5.243400000e+04
4.868400000e+04 6.967800000e+04
5.845600000e+04 5.741200000e+04
4.539700000e+04 5.526300000e+04
5.542000000e+04 5.429500000e+04
4.082500000e+04 4.972900000e+04
4.639800000e+04 5.276800000e+04
4.718500000e+04 5.430100000e+04
4.667900000e+04 6.044600000e+04
5.083500000e+04 5.949200000e+04
5.165700000e+04 6.837200000e+04
3.970900000e+04 5.383300000e+04
6.359500000e+04 3.635700000e+04
3.737100000e+04 5.099000000e+04
5.383900000e+04 3.925100000e+04
3.954700000e+04 6.275200000e+04
6.450500000e+04 4.711300000e+04
3.857900000e+04 6.761800000e+04
6.274500000e+04 4.594200000e+04
4.912800000e+04 4.536300000e+04
5.317500000e+04 4.867500000e+04
4.456400000e+04 4.001800000e+04
4.926100000e+04 5.057000000e+04
4.521600000e+04 4.691800000e+04
5.023600000e+04 5.076700000e+04
5.391900000e+04 5.047000000e+04
5.517400000e+04 5.657400000e+04
5.485000000e+04 4.881000000e+04
5.305000000e+04 6.243700000e+04
5.568700000e+04 4.755300000e+04
5.792300000e+04 5.848100000e+04
6.406900000e+04 5.360700000e+04
6.168100000e+04 6.459900000e+04
6.643600000e+04 6.170900000e+04
6.870800000e+04 7.326100000e+04
5.102100000e+04 4.485400000e+04
4.967500000e+04 4.404800000e+04
4.713700000e+04 4.593500000e+04
4.371400000e+04 4.162000000e+04
5.034900000e+04 4.542000000e+04
4.084300000e+04 5.189100000e+04
4.869000000e+04 5.324500000e+04
5.321500000e+04 4.938000000e+04
3.866100000e+04 4.647700000e+04
4.797200000e+04 3.972600000e+04
4.043400000e+04 4.444200000e+04
4.555700000e+04 4.381400000e+04
4.258300000e+04 4.727500000e+04
4.682400000e+04 3.898300000e+04
4.172900000e+04 5.484300000e+04
5.389700000e+04 5.037800000e+04
4.718200000e+04 4.956100000e+04
3.565900000e+04 4.258500000e+04
3.750300000e+04 3.934300000e+04
3.658500000e+04 5.034400000e+04
4.683800000e+04 4.486800000e+04
3.595700000e+04 4.135500000e+04
5.195600000e+04 4.908600000e+04
4.118400000e+04 5.047100000e+04
3.430300000e+04 5.442700000e+04
4.642400000e+04 4.678600000e+04
4.216800000e+04 5.519300000e+04
4.475700000e+04 3.915800000e+04
3.820100000e+04 5.456100000e+04
4.202400000e+04 4.885000000e+04
4.710300000e+04 6.015000000e+04
5.483100000e+04 4.890600000e+04
3.807900000e+04 5.019800000e+04
4.220500000e+04 5.460700000e+04
4.100700000e+04 5.445400000e+04
4.032200000e+04 5.387000000e+04
4.233500000e+04 5.324400000e+04
3.561400000e+04 4.940200000e+04
4.487400000e+04 5.806000000e+04
5.295000000e+04 5.898600000e+04
3.236900000e+04 5.767500000e+04
5.312600000e+04 4.416400000e+04
3.745300000e+04 4.416100000e+04
5.295200000e+04 3.421900000e+04
3.987900000e+04 5.612200000e+04
4.799600000e+04 3.590400000e+04
4.132300000e+04 5.801700000e+04
6.840700000e+04 4.677400000e+04
4.717500000e+04 4.064300000e+04
4.913600000e+04 4.556600000e+04
4.378800000e+04 4.168800000e+04
4.480400000e+04 4.201000000e+04
4.309400000e+04 4.392000000e+04
4.421900000e+04 4.151500000e+04
4.705700000e+04 4.959400000e+04
5.330100000e+04 4.860300000e+04
5.064900000e+04 5.022700000e+04
6.570300000e+04 6.698800000e+04
5.149600000e+04 4.668900000e+04
5.024600000e+04 5.869400000e+04
5.161400000e+04 4.319800000e+04
5.027700000e+04 5.593000000e+04
6.254500000e+04 4.843600000e+04
6.054000000e+04 6.752400000e+04
5.417300000e+04 4.958200000e+04
5.283900000e+04 5.169400000e+04
4.517900000e+04 4.701600000e+04
4.188200000e+04 4.610700000e+04
5.832300000e+04 5.330800000e+04
5.260600000e+04 6.295000000e+04
5.231200000e+04 4.856400000e+04
4.282900000e+04 4.095900000e+04
4.324300000e+04 4.866200000e+04
5.320200000e+04 4.421300000e+04
3.284300000e+04 4.186200000e+04
4.778800000e+04 4.338000000e+04
4.963800000e+04 5.032800000e+04
5.679000000e+04 5.369300000e+04
3.920300000e+04 4.154900000e+04
4.474600000e+04 4.468000000e+04
5.283400000e+04 4.898300000e+04
4.261100000e+04 5.345200000e+04
4.657800000e+04 4.421900000e+04
3.365700000e+04 4.526100000e+04
5.323000000e+04 5.259000000e+04
4.114800000e+04 5.321100000e+04
4.008600000e+04 4.052800000e+04
3.649200000e+04 4.639800000e+04
4.368900000e+04 5.859800000e+04
5.644000000e+04 5.095800000e+04
3.205300000e+04 5.095300000e+04
3.873900000e+04 4.821700000e+04
4.547400000e+04 5.779100000e+04
5.741200000e+04 5.967600000e+04
4.668300000e+04 5.171900000e+04
4.574300000e+04 4.555600000e+04
5.042700000e+04 5.306300000e+04
4.762100000e+04 5.765100000e+04
3.679100000e+04 4.781900000e+04
4.636000000e+04 4.540400000e+04
5.219200000e+04 5.816800000e+04
5.126400000e+04 6.501300000e+04
3.971800000e+04 5.155300000e+04
4.589800000e+04 5.412200000e+04
3.790400000e+04 6.529100000e+04
5.837700000e+04 4.318200000e+04
3.655900000e+04 5.571400000e+04
5.456600000e+04 3.718200000e+04
4.416800000e+04 6.815000000e+04
6.274000000e+04 4.031300000e+04
3.496100000e+04 4.857600000e+04
5.351900000e+04 3.256900000e+04
4.744800000e+04 5.145000000e+04
5.177300000e+04 5.182900000e+04
4.553200000e+04 4.372900000e+04
5.111800000e+04 4.260200000e+04
5.441700000e+04 4.838700000e+04
5.271100000e+04 5.247000000e+04
4.759200000e+04 4.078300000e+04
4.672500000e+04 4.785100000e+04
6.212700000e+04 5.027800000e+04
5.987800000e+04 6.803300000e+04
5.306100000e+04 4.757100000e+04
5.776000000e+04 6.169000000e+04
6.676100000e+04 5.747100000e+04
5.586100000e+04 6.848800000e+04
5.440600000e+04 4.479000000e+04
4.741800000e+04 5.562600000e+04
5.063800000e+04 4.534100000e+04
4.592600000e+04 4.768000000e+04
4.611800000e+04 4.791800000e+04
5.022800000e+04 4.923900000e+04
4.846200000e+04 5.508400000e+04
5.381000000e+04 5.276300000e+04
5.945900000e+04 5.310000000e+04
5.454000000e+04 5.647300000e+04
3.703400000e+04 4.527200000e+04
4.476000000e+04 4.569700000e+04
4.167300000e+04 5.249400000e+04
4.823500000e+04 4.569000000e+04
4.787300000e+04 5.197800000e+04
4.909600000e+04 5.247000000e+04
4.634400000e+04 5.444800000e+04
5.151800000e+04 4.973100000e+04
4.787700000e+04 4.661900000e+04
3.845000000e+04 4.901800000e+04
5.264600000e+04 4.896500000e+04
3.337100000e+04 4.946300000e+04
4.698800000e+04 4.456000000e+04
4.316500000e+04 5.812500000e+04
5.748800000e+04 5.220000000e+04
4.223100000e+04 5.002300000e+04
3.841500000e+04 5.514800000e+04
4.716300000e+04 4.951000000e+04
4.260000000e+04 5.721800000e+04
4.867100000e+04 5.137600000e+04
4.235700000e+04 5.751600000e+04
5.669100000e+04 4.840900000e+04
4.452000000e+04 6.353200000e+04
5.719000000e+04 5.570600000e+04
4.155100000e+04 5.122600000e+04
5.471400000e+04 5.298000000e+04
4.036600000e+04 5.158200000e+04
5.291800000e+04 5.420700000e+04
4.761300000e+04 6.144500000e+04
5.466200000e+04 6.166800000e+04
4.188000000e+04 5.956500000e+04
5.763400000e+04 5.996600000e+04
3.201800000e+04 5.282200000e+04
5.982100000e+04 3.857500000e+04
3.761500000e+04 6.130700000e+04
6.025500000e+04 4.543700000e+04
4.230200000e+04 5.900500000e+04
6.383100000e+04 4.675600000e+04
4.028500000e+04 6.205300000e+04
6.588100000e+04 4.788700000e+04
4.589900000e+04 3.944800000e+04
4.956100000e+04 4.368200000e+04
4.992700000e+04 4.441200000e+04
5.357100000e+04 4.437800000e+04
5.119100000e+04 4.699000000e+04
5.929400000e+04 5.319700000e+04
5.568600000e+04 4.706200000e+04
5.695700000e+04 4.840300000e+04
5.665900000e+04 5.086900000e+04
5.788600000e+04 6.401200000e+04
5.441400000e+04 5.178600000e+04
6.101800000e+04 6.609700000e+04
6.090800000e+04 5.306400000e+04
6.759200000e+04 7.200200000e+04
6.072600000e+04 5.786700000e+04
6.368400000e+04 7.382400000e+04
4.859400000e+04 4.128600000e+04
4.503300000e+04 3.801000000e+04
3.457600000e+04 3.508400000e+04
3.423800000e+04 3.583300000e+04
4.827300000e+04 5.027300000e+04
5.161300000e+04 5.182300000e+04
5.181200000e+04 4.590700000e+04
5.120300000e+04 3.734600000e+04
3.530000000e+04 3.784100000e+04
4.039900000e+04 3.316000000e+04
2.769400000e+04 3.196300000e+04
3.409400000e+04 2.637200000e+04
4.712600000e+04 5.315500000e+04
5.006500000e+04 5.124900000e+04
4.243100000e+04 4.658500000e+04
4.226500000e+04 4.478000000e+04
4.129700000e+04 3.643400000e+04
3.637800000e+04 3.847800000e+04
3.388400000e+04 3.548000000e+04
2.491400000e+04 3.368800000e+04
4.115200000e+04 4.331500000e+04
3.657900000e+04 5.200700000e+04
4.509300000e+04 4.274000000e+04
3.855300000e+04 4.811000000e+04
3.408000000e+04 4.727100000e+04
4.624600000e+04 3.989500000e+04
2.893700000e+04 3.650000000e+04
3.264500000e+04 3.219600000e+04
4.049700000e+04 5.141300000e+04
5.565000000e+04 5.099000000e+04
4.701600000e+04 5.208100000e+04
5.357200000e+04 4.848900000e+04
3.591400000e+04 4.494700000e+04
4.021700000e+04 4.482300000e+04
3.153900000e+04 3.894000000e+04
3.067100000e+04 3.794400000e+04
4.511800000e+04 5.622800000e+04
4.794500000e+04 6.021500000e+04
4.154300000e+04 5.257700000e+04
5.264700000e+04 5.581300000e+04
3.343000000e+04 5.349300000e+04
4.197100000e+04 3.036600000e+04
2.753300000e+04 3.910500000e+04
3.855300000e+04 2.410300000e+04
3.834100000e+04 5.609800000e+04
6.068200000e+04 4.688900000e+04
3.111900000e+04 5.393900000e+04
5.977500000e+04 3.966600000e+04
3.829700000e+04 4.063600000e+04
4.081300000e+04 3.738800000e+04
3.357500000e+04 3.286000000e+04
3.115900000e+04 3.486500000e+04
4.952800000e+04 4.233000000e+04
5.051300000e+04 4.968200000e+04
5.138200000e+04 4.157200000e+04
4.830900000e+04 4.844300000e+04
4.986400000e+04 3.925200000e+04
4.989800000e+04 5.290200000e+04
3.737100000e+04 3.008300000e+04
3.920200000e+04 4.367900000e+04
5.874000000e+04 5.148600000e+04
5.831900000e+04 6.875200000e+04
5.315500000e+04 4.823100000e+04
5.381000000e+04 6.434700000e+04
5.304400000e+04 5.428800000e+04
5.083800000e+04 5.380600000e+04
4.696700000e+04 4.677600000e+04
5.212400000e+04 4.739200000e+04
3.956100000e+04 4.237700000e+04
3.783800000e+04 4.290600000e+04
4.705400000e+04 4.096100000e+04
4.281800000e+04 4.338500000e+04
4.549100000e+04 5.391100000e+04
5.643900000e+04 4.884900000e+04
4.039200000e+04 4.616800000e+04
4.950000000e+04 4.183400000e+04
3.884400000e+04 3.887000000e+04
3.879900000e+04 3.663000000e+04
3.918000000e+04 4.015300000e+04
4.360100000e+04 3.462000000e+04
5.877100000e+04 5.137900000e+04
4.397700000e+04 5.567800000e+04
4.136200000e+04 3.847100000e+04
3.491800000e+04 4.766900000e+04
3.336900000e+04 3.178500000e+04
2.735200000e+04 3.803200000e+04
3.822100000e+04 4.054400000e+04
3.246300000e+04 4.197300000e+04
4.253300000e+04 6.128400000e+04
5.437000000e+04 6.311400000e+04
4.195800000e+04 5.397000000e+04
5.297400000e+04 4.899200000e+04
3.289900000e+04 3.739700000e+04
3.759800000e+04 3.902700000e+04
3.542300000e+04 4.524500000e+04
4.112000000e+04 4.647000000e+04
5.494000000e+04 5.986200000e+04
5.038500000e+04 5.598800000e+04
4.164700000e+04 5.421000000e+04
4.881100000e+04 5.024600000e+04
3.791600000e+04 4.296200000e+04
3.703400000e+04 4.255000000e+04
4.030200000e+04 4.958800000e+04
3.898300000e+04 4.890000000e+04
3.989900000e+04 6.485800000e+04
6.287700000e+04 4.513000000e+04
3.720200000e+04 6.249700000e+04
5.784800000e+04 4.028800000e+04
3.405600000e+04 4.041700000e+04
4.601100000e+04 3.309600000e+04
3.688200000e+04 5.543000000e+04
4.427100000e+04 3.061400000e+04
5.508500000e+04 4.957100000e+04
5.619900000e+04 5.125300000e+04
4.561600000e+04 4.382500000e+04
5.104900000e+04 3.798600000e+04
3.387300000e+04 3.796300000e+04
4.087600000e+04 4.045400000e+04
4.060800000e+04 4.364600000e+04
4.471400000e+04 4.398400000e+04
6.581000000e+04 5.128300000e+04
6.526700000e+04 7.508600000e+04
5.364000000e+04 4.504200000e+04
4.905800000e+04 6.276600000e+04
4.562100000e+04 3.536300000e+04
3.962500000e+04 4.963800000e+04
5.256300000e+04 3.848800000e+04
4.823300000e+04 5.355500000e+04
4.216700000e+04 4.717300000e+04
4.592000000e+04 4.137500000e+04
4.865400000e+04 4.611100000e+04
4.240100000e+04 4.848700000e+04
4.828000000e+04 4.748000000e+04
4.388800000e+04 5.087400000e+04
5.791200000e+04 5.930000000e+04
6.383200000e+04 5.911100000e+04
3.819200000e+04 4.557200000e+04
3.940700000e+04 3.773400000e+04
3.632800000e+04 3.843400000e+04
4.242500000e+04 3.998300000e+04
4.075600000e+04 4.781100000e+04
4.615000000e+04 4.307600000e+04
4.967200000e+04 6.472500000e+04
6.502100000e+04 5.903900000e+04
3.842400000e+04 4.007400000e+04
3.469100000e+04 4.634400000e+04
4.100000000e+04 3.975300000e+04
3.364600000e+04 4.650500000e+04
4.286900000e+04 4.269400000e+04
3.689900000e+04 4.836900000e+04
5.919300000e+04 5.508600000e+04
4.442100000e+04 6.674600000e+04
3.367400000e+04 5.092300000e+04
4.445800000e+04 4.068800000e+04
3.324600000e+04 4.651400000e+04
4.055100000e+04 4.631200000e+04
3.355600000e+04 5.463200000e+04
4.716700000e+04 4.463400000e+04
5.263500000e+04 7.055800000e+04
6.670900000e+04 6.323900000e+04
3.793400000e+04 4.809000000e+04
4.507100000e+04 4.878300000e+04
3.936800000e+04 4.923500000e+04
4.609700000e+04 4.299400000e+04
3.752900000e+04 5.123000000e+04
4.779800000e+04 5.181000000e+04
5.478000000e+04 6.494400000e+04
6.052500000e+04 6.791400000e+04
3.568100000e+04 5.212900000e+04
5.473700000e+04 4.369500000e+04
3.168100000e+04 5.157100000e+04
5.041500000e+04 3.314800000e+04
3.772900000e+04 5.469100000e+04
5.673000000e+04 4.516000000e+04
4.313700000e+04 7.663400000e+04
7.466800000e+04 4.943100000e+04
3.792800000e+04 3.756600000e+04
4.984500000e+04 4.171800000e+04
3.979900000e+04 4.326000000e+04
4.862300000e+04 4.614300000e+04
4.514000000e+04 4.120200000e+04
5.126100000e+04 4.470500000e+04
6.081500000e+04 5.807200000e+04
5.946200000e+04 5.721800000e+04
4.845800000e+04 4.371000000e+04
5.863000000e+04 5.886000000e+04
5.199600000e+04 4.420900000e+04
5.130900000e+04 6.129800000e+04
4.902000000e+04 4.965400000e+04
5.446200000e+04 6.273700000e+04
6.948000000e+04 6.303200000e+04
6.722200000e+04 7.978400000e+04
4.961500000e+04 5.667300000e+04
5.080900000e+04 4.989500000e+04
6.545400000e+04 5.463900000e+04
5.930000000e+04 5.910500000e+04
6.276400000e+04 6.437500000e+04
6.151600000e+04 6.129600000e+04
5.754900000e+04 5.940700000e+04
5.775900000e+04 5.811400000e+04
4.543700000e+04 5.562600000e+04
5.204500000e+04 4.709800000e+04
5.256400000e+04 5.722900000e+04
5.736800000e+04 5.536400000e+04
5.348300000e+04 6.025300000e+04
6.376400000e+04 5.354400000e+04
4.964400000e+04 5.903700000e+04
5.651400000e+04 5.574600000e+04
4.408800000e+04 4.732200000e+04
3.715800000e+04 5.115400000e+04
5.315600000e+04 5.174300000e+04
4.508600000e+04 5.605900000e+04
6.090100000e+04 6.199100000e+04
4.703300000e+04 6.242700000e+04
5.527700000e+04 5.334100000e+04
4.257200000e+04 6.161500000e+04
4.846900000e+04 5.790500000e+04
4.932300000e+04 4.331800000e+04
4.800100000e+04 6.315800000e+04
5.947500000e+04 6.856100000e+04
5.185500000e+04 7.241000000e+04
6.165400000e+04 6.344100000e+04
4.730700000e+04 6.166300000e+04
5.483500000e+04 6.533300000e+04
4.371200000e+04 5.775800000e+04
4.377400000e+04 5.858700000e+04
5.209500000e+04 6.833500000e+04
5.322700000e+04 6.251100000e+04
5.776000000e+04 6.667300000e+04
6.282300000e+04 7.128200000e+04
5.227900000e+04 6.280700000e+04
5.835000000e+04 5.998000000e+04
4.287600000e+04 5.593100000e+04
6.099000000e+04 4.102800000e+04
4.046300000e+04 7.079100000e+04
6.652900000e+04 5.018800000e+04
5.074300000e+04 7.648600000e+04
7.331900000e+04 5.552200000e+04
4.276500000e+04 6.972600000e+04
6.698400000e+04 4.957400000e+04
4.632400000e+04 4.885700000e+04
4.932800000e+04 5.373600000e+04
5.976300000e+04 5.084300000e+04
6.239400000e+04 5.291800000e+04
5.991000000e+04 5.579200000e+04
6.731500000e+04 6.080000000e+04
5.735100000e+04 4.848800000e+04
6.409300000e+04 5.773100000e+04
5.596100000e+04 5.200300000e+04
5.852900000e+04 6.387800000e+04
6.709500000e+04 5.540900000e+04
6.695500000e+04 8.122000000e+04
7.276400000e+04 6.226300000e+04
7.558700000e+04 8.438800000e+04
6.516400000e+04 5.815800000e+04
7.272600000e+04 8.099600000e+04
4.850100000e+04 4.958500000e+04
5.279600000e+04 4.782900000e+04
4.977500000e+04 4.319400000e+04
4.323700000e+04 4.491600000e+04
5.299100000e+04 5.161700000e+04
4.944900000e+04 4.836600000e+04
4.608800000e+04 5.202200000e+04
4.371700000e+04 4.007600000e+04
4.303500000e+04 5.051900000e+04
4.863100000e+04 4.627600000e+04
3.700300000e+04 3.814600000e+04
4.983800000e+04 4.237300000e+04
4.177900000e+04 5.598000000e+04
5.212400000e+04 4.851700000e+04
3.660600000e+04 4.445800000e+04
4.397100000e+04 3.270400000e+04
4.605300000e+04 4.625100000e+04
3.820200000e+04 4.887200000e+04
4.379900000e+04 4.087700000e+04
3.734700000e+04 4.422000000e+04
5.330500000e+04 5.568300000e+04
4.271900000e+04 5.177600000e+04
4.393300000e+04 4.513200000e+04
3.310200000e+04 4.306800000e+04
4.117800000e+04 5.422300000e+04
5.213200000e+04 5.046000000e+04
3.926100000e+04 5.193000000e+04
4.785700000e+04 4.856800000e+04
4.260700000e+04 6.231800000e+04
5.203200000e+04 5.045900000e+04
4.007400000e+04 5.486400000e+04
4.042000000e+04 4.545900000e+04
4.526800000e+04 5.304300000e+04
5.241300000e+04 5.669300000e+04
4.418500000e+04 4.929200000e+04
4.301400000e+04 4.933900000e+04
4.109800000e+04 5.601000000e+04
4.848600000e+04 6.037400000e+04
4.097200000e+04 4.598900000e+04
4.218100000e+04 4.637500000e+04
3.421400000e+04 5.988300000e+04
6.264800000e+04 4.603900000e+04
3.130600000e+04 5.801800000e+04
5.252800000e+04 3.075600000e+04
3.602800000e+04 6.528400000e+04
6.118300000e+04 4.920000000e+04
3.764300000e+04 5.595000000e+04
5.203300000e+04 3.482300000e+04
4.617400000e+04 4.422900000e+04
5.336700000e+04 5.328400000e+04
4.516000000e+04 4.324100000e+04
4.505700000e+04 4.066700000e+04
5.435700000e+04 4.710800000e+04
5.217900000e+04 5.666200000e+04
4.196300000e+04 4.259100000e+04
4.517300000e+04 4.184100000e+04
5.481400000e+04 4.684300000e+04
6.204500000e+04 7.100500000e+04
5.508600000e+04 4.416000000e+04
4.550600000e+04 5.593100000e+04
5.355800000e+04 5.301400000e+04
6.844800000e+04 7.063000000e+04
4.965700000e+04 4.250700000e+04
5.260600000e+04 5.373400000e+04
5.320600000e+04 5.262400000e+04
4.667100000e+04 4.655100000e+04
5.437400000e+04 5.109000000e+04
4.386200000e+04 4.593300000e+04
4.951800000e+04 5.292800000e+04
5.222400000e+04 5.160700000e+04
5.860900000e+04 5.689100000e+04
5.341100000e+04 5.238600000e+04
4.122100000e+04 4.043000000e+04
4.519800000e+04 3.968200000e+04
3.907800000e+04 4.503600000e+04
4.769700000e+04 4.096800000e+04
4.331600000e+04 5.680400000e+04
5.496400000e+04 4.948500000e+04
4.741100000e+04 4.926200000e+04
5.029300000e+04 4.792700000e+04
4.373900000e+04 4.592700000e+04
3.615600000e+04 4.440000000e+04
4.475800000e+04 4.925800000e+04
3.430100000e+04 4.266800000e+04
5.306300000e+04 4.918500000e+04
3.878200000e+04 4.846000000e+04
4.446600000e+04 4.905900000e+04
4.397600000e+04 5.554000000e+04
3.935000000e+04 5.265100000e+04
4.631700000e+04 4.699800000e+04
3.757000000e+04 4.985500000e+04
4.227200000e+04 4.939300000e+04
4.405300000e+04 6.256700000e+04
5.457300000e+04 5.335800000e+04
4.183800000e+04 5.937800000e+04
5.488400000e+04 5.573700000e+04
4.052500000e+04 5.243500000e+04
4.534300000e+04 4.944000000e+04
4.141800000e+04 4.638000000e+04
4.232200000e+04 5.154600000e+04
4.532300000e+04 5.623200000e+04
5.278300000e+04 5.771600000e+04
5.045800000e+04 5.868400000e+04
4.978100000e+04 6.440900000e+04
3.795600000e+04 5.836800000e+04
5.678600000e+04 3.830200000e+04
3.700600000e+04 5.538000000e+04
5.498500000e+04 4.138600000e+04
3.998000000e+04 6.245400000e+04
6.634700000e+04 4.593500000e+04
4.060400000e+04 6.219700000e+04
5.879000000e+04 4.334500000e+04
4.788800000e+04 4.791900000e+04
4.741900000e+04 4.270700000e+04
4.843900000e+04 4.391800000e+04
4.288100000e+04 4.621700000e+04
4.857500000e+04 4.578200000e+04
5.394200000e+04 4.226200000e+04
5.138700000e+04 4.621500000e+04
5.412400000e+04 5.022100000e+04
5.170700000e+04 4.485500000e+04
5.103100000e+04 5.910600000e+04
5.197700000e+04 4.845600000e+04
5.440700000e+04 5.983900000e+04
6.311400000e+04 5.339500000e+04
6.091100000e+04 6.569900000e+04
6.384800000e+04 5.327300000e+04
6.390700000e+04 6.632600000e+04
5.682000000e+04 5.005600000e+04
5.304000000e+04 5.160700000e+04
4.656400000e+04 4.763000000e+04
4.599800000e+04 4.547200000e+04
6.079100000e+04 6.189200000e+04
4.929000000e+04 6.112700000e+04
3.013700000e+04 3.335500000e+04
3.094200000e+04 2.967400000e+04
4.339000000e+04 5.288400000e+04
5.306800000e+04 4.956900000e+04
4.191200000e+04 4.764400000e+04
4.806500000e+04 4.291600000e+04
5.377600000e+04 6.048700000e+04
5.734200000e+04 5.435900000e+04
2.650700000e+04 3.522700000e+04
3.128300000e+04 2.913100000e+04
4.884500000e+04 5.258100000e+04
3.938800000e+04 5.177900000e+04
4.705100000e+04 4.401200000e+04
3.522700000e+04 4.413700000e+04
5.152400000e+04 5.418600000e+04
4.518200000e+04 5.756500000e+04
3.531800000e+04 3.207500000e+04
2.520400000e+04 3.184000000e+04
4.623900000e+04 5.904700000e+04
5.249800000e+04 5.457300000e+04
3.954700000e+04 5.261600000e+04
4.636000000e+04 4.582600000e+04
5.011200000e+04 6.544400000e+04
5.273100000e+04 5.815400000e+04
2.925600000e+04 3.876700000e+04
3.099500000e+04 3.397000000e+04
4.438000000e+04 5.900000000e+04
4.765600000e+04 6.170100000e+04
4.319000000e+04 5.224800000e+04
4.597300000e+04 5.295400000e+04
5.384400000e+04 6.073700000e+04
5.110700000e+04 6.554400000e+04
2.817100000e+04 3.281500000e+04
3.681100000e+04 3.462900000e+04
3.810000000e+04 6.174600000e+04
6.145400000e+04 4.119500000e+04
4.005400000e+04 5.173100000e+04
5.552100000e+04 3.866100000e+04
4.819800000e+04 6.797100000e+04
6.484600000e+04 4.713600000e+04
2.549700000e+04 3.525500000e+04
4.001400000e+04 2.802500000e+04
5.178700000e+04 4.776400000e+04
4.812700000e+04 5.046000000e+04
4.304000000e+04 4.272100000e+04
5.028000000e+04 4.393900000e+04
5.141000000e+04 5.501100000e+04
5.808900000e+04 5.975600000e+04
2.899600000e+04 2.575800000e+04
3.463200000e+04 3.042500000e+04
5.941300000e+04 5.429500000e+04
5.699300000e+04 6.770700000e+04
6.050900000e+04 4.936900000e+04
5.855400000e+04 6.122800000e+04
6.641800000e+04 5.400200000e+04
6.328600000e+04 6.371300000e+04
3.692400000e+04 3.235500000e+04
3.736100000e+04 4.276600000e+04
4.492700000e+04 4.245800000e+04
4.461300000e+04 4.366400000e+04
4.865100000e+04 5.228600000e+04
4.787800000e+04 5.320400000e+04
5.415500000e+04 5.561100000e+04
5.520200000e+04 5.662400000e+04
5.010600000e+04 4.702400000e+04
5.158400000e+04 5.308900000e+04
3.742400000e+04 4.172400000e+04
4.300900000e+04 4.023300000e+04
4.020100000e+04 4.879400000e+04
5.066500000e+04 4.775400000e+04
4.426800000e+04 5.450100000e+04
5.857700000e+04 4.675200000e+04
4.778600000e+04 4.582400000e+04
5.724700000e+04 5.224300000e+04
4.438800000e+04 3.838700000e+04
3.444100000e+04 4.482300000e+04
5.002400000e+04 4.871100000e+04
3.838700000e+04 4.825800000e+04
5.807200000e+04 5.326000000e+04
4.273800000e+04 5.798500000e+04
4.845600000e+04 4.782900000e+04
3.868200000e+04 5.136200000e+04
3.517100000e+04 4.909000000e+04
4.621200000e+04 4.996200000e+04
4.044300000e+04 5.555200000e+04
5.112600000e+04 5.030800000e+04
4.700800000e+04 6.342500000e+04
5.482400000e+04 5.671700000e+04
4.278000000e+04 5.266800000e+04
5.579700000e+04 5.172400000e+04
4.118200000e+04 5.244700000e+04
4.224000000e+04 4.909600000e+04
4.455500000e+04 5.548500000e+04
4.520200000e+04 5.747100000e+04
5.005800000e+04 5.997400000e+04
5.460100000e+04 5.632200000e+04
4.991600000e+04 5.590700000e+04
5.279400000e+04 6.099500000e+04
3.436700000e+04 5.369700000e+04
4.840000000e+04 3.563700000e+04
3.932200000e+04 6.181100000e+04
6.159600000e+04 4.200100000e+04
4.583900000e+04 6.589700000e+04
6.389200000e+04 4.410100000e+04
4.192600000e+04 5.849400000e+04
6.422200000e+04 3.908300000e+04
3.977100000e+04 3.867700000e+04
4.902900000e+04 4.051300000e+04
5.131400000e+04 4.848700000e+04
5.056500000e+04 5.114800000e+04
5.339400000e+04 4.972800000e+04
5.707700000e+04 4.824900000e+04
5.322600000e+04 4.798700000e+04
5.412500000e+04 4.976700000e+04
5.825700000e+04 4.281800000e+04
5.216400000e+04 5.878600000e+04
6.003800000e+04 4.931700000e+04
6.110100000e+04 6.452700000e+04
6.202100000e+04 5.080400000e+04
6.369300000e+04 7.293300000e+04
6.348300000e+04 4.909100000e+04
5.622400000e+04 6.920600000e+04
5.878600000e+04 5.330700000e+04
5.011100000e+04 6.168300000e+04
5.415200000e+04 5.439500000e+04
4.516200000e+04 5.672000000e+04
4.453800000e+04 4.973700000e+04
4.767000000e+04 4.778200000e+04
5.216200000e+04 5.035600000e+04
4.771100000e+04 5.544600000e+04
4.518000000e+04 5.017700000e+04
4.905600000e+04 4.876300000e+04
4.301800000e+04 4.864100000e+04
5.456100000e+04 4.688900000e+04
4.373000000e+04 4.732200000e+04
5.174800000e+04 4.306500000e+04
4.314400000e+04 4.949700000e+04
5.008300000e+04 4.412900000e+04
5.406900000e+04 5.239500000e+04
4.220400000e+04 5.390100000e+04
5.180100000e+04 5.190700000e+04
3.586800000e+04 4.698600000e+04
3.596300000e+04 3.784500000e+04
3.174000000e+04 4.951300000e+04
5.233400000e+04 4.521100000e+04
4.077200000e+04 5.550000000e+04
4.332100000e+04 6.526200000e+04
5.275300000e+04 5.474700000e+04
4.309700000e+04 6.435500000e+04
4.678700000e+04 5.162000000e+04
4.460300000e+04 5.234700000e+04
5.055700000e+04 4.536700000e+04
4.061100000e+04 5.957800000e+04
4.980700000e+04 5.608800000e+04
4.590300000e+04 6.055800000e+04
5.369900000e+04 6.008600000e+04
4.276900000e+04 5.266500000e+04
5.020300000e+04 5.770800000e+04
4.377400000e+04 5.348800000e+04
4.721200000e+04 5.386500000e+04
5.145700000e+04 5.409500000e+04
4.892100000e+04 5.233400000e+04
3.998400000e+04 6.542200000e+04
6.606600000e+04 4.790100000e+04
3.970100000e+04 5.928000000e+04
6.473100000e+04 4.707200000e+04
4.029800000e+04 5.534200000e+04
5.550500000e+04 3.743500000e+04
3.879200000e+04 6.315200000e+04
5.501500000e+04 3.586100000e+04
4.917900000e+04 4.986600000e+04
5.798900000e+04 5.281300000e+04
5.166600000e+04 4.823000000e+04
5.568300000e+04 4.769000000e+04
4.213900000e+04 4.575100000e+04
4.846200000e+04 4.431800000e+04
4.606000000e+04 4.566300000e+04
5.267700000e+04 4.573900000e+04
6.111000000e+04 5.792600000e+04
6.056700000e+04 7.121200000e+04
5.582500000e+04 5.267400000e+04
5.732000000e+04 6.587500000e+04
5.615900000e+04 4.271700000e+04
4.294300000e+04 5.877100000e+04
6.159600000e+04 5.289600000e+04
5.754400000e+04 6.405400000e+04
4.729500000e+04 4.867300000e+04
5.006200000e+04 5.199100000e+04
5.192500000e+04 5.125300000e+04
4.591900000e+04 5.769700000e+04
3.967900000e+04 4.299000000e+04
4.343400000e+04 4.391900000e+04
4.603600000e+04 4.515200000e+04
4.182600000e+04 3.938500000e+04
4.053100000e+04 4.891100000e+04
4.748200000e+04 4.552300000e+04
4.286000000e+04 4.607000000e+04
5.205700000e+04 4.084900000e+04
3.548500000e+04 4.325800000e+04
4.381000000e+04 3.972200000e+04
3.477300000e+04 4.393400000e+04
4.004400000e+04 4.416700000e+04
4.383200000e+04 4.565000000e+04
3.685000000e+04 5.031300000e+04
5.041200000e+04 5.028300000e+04
3.888600000e+04 4.674200000e+04
4.171300000e+04 4.030300000e+04
3.105900000e+04 4.339200000e+04
3.973400000e+04 4.076000000e+04
3.347900000e+04 4.608900000e+04
3.764300000e+04 5.611900000e+04
5.376300000e+04 4.576600000e+04
3.851700000e+04 5.641400000e+04
4.701800000e+04 4.874300000e+04
3.289500000e+04 4.542500000e+04
4.263400000e+04 4.142700000e+04
3.582400000e+04 5.222000000e+04
4.243400000e+04 4.301700000e+04
3.956400000e+04 5.309700000e+04
4.954800000e+04 5.899400000e+04
4.466400000e+04 5.324800000e+04
4.667300000e+04 5.401500000e+04
3.759200000e+04 4.907300000e+04
4.241900000e+04 4.710600000e+04
3.583000000e+04 4.660900000e+04
4.685500000e+04 5.102200000e+04
3.764200000e+04 6.490000000e+04
5.947500000e+04 4.146800000e+04
4.258000000e+04 6.016500000e+04
5.411700000e+04 3.991300000e+04
3.558500000e+04 4.944400000e+04
4.999900000e+04 3.211300000e+04
2.881700000e+04 5.064800000e+04
5.253300000e+04 4.056900000e+04
4.399900000e+04 4.592600000e+04
4.921500000e+04 4.992300000e+04
4.251600000e+04 4.747500000e+04
5.418500000e+04 4.970100000e+04
4.242600000e+04 4.261600000e+04
4.227400000e+04 4.582600000e+04
4.337500000e+04 3.807500000e+04
4.562700000e+04 4.079500000e+04
5.573800000e+04 5.545400000e+04
5.288300000e+04 6.212400000e+04
5.993800000e+04 4.469200000e+04
5.942900000e+04 6.275300000e+04
4.968000000e+04 4.307600000e+04
5.194100000e+04 5.944600000e+04
5.167000000e+04 5.408800000e+04
5.606700000e+04 5.898600000e+04
5.340500000e+04 4.795000000e+04
4.525000000e+04 4.565200000e+04
5.423900000e+04 4.866900000e+04
5.750300000e+04 4.807200000e+04
5.351000000e+04 5.752200000e+04
5.171400000e+04 5.273800000e+04
5.168600000e+04 5.168500000e+04
4.841700000e+04 5.057500000e+04
4.112700000e+04 4.180600000e+04
4.638800000e+04 4.047500000e+04
4.645500000e+04 5.584000000e+04
4.986400000e+04 5.128100000e+04
4.365200000e+04 5.837500000e+04
5.235000000e+04 4.488700000e+04
3.861500000e+04 5.331200000e+04
5.035300000e+04 4.477100000e+04
4.303000000e+04 4.734700000e+04
4.005700000e+04 4.615000000e+04
4.456200000e+04 4.846000000e+04
4.220600000e+04 5.358800000e+04
5.616900000e+04 5.529400000e+04
3.851800000e+04 5.193700000e+04
5.455700000e+04 5.097900000e+04
3.856900000e+04 4.574000000e+04
3.554500000e+04 5.247000000e+04
4.602000000e+04 4.908900000e+04
4.263200000e+04 5.330800000e+04
5.916600000e+04 5.529200000e+04
4.441500000e+04 6.607700000e+04
5.085100000e+04 5.245700000e+04
3.819900000e+04 5.706800000e+04
4.824400000e+04 5.091300000e+04
4.474100000e+04 5.409900000e+04
3.985800000e+04 5.145200000e+04
4.438200000e+04 5.598400000e+04
4.987700000e+04 6.382200000e+04
4.548500000e+04 5.013800000e+04
5.524900000e+04 6.158300000e+04
4.020800000e+04 5.377800000e+04
4.637800000e+04 5.431600000e+04
3.812700000e+04 6.034900000e+04
4.979400000e+04 3.643300000e+04
3.733500000e+04 6.091700000e+04
5.975300000e+04 4.820000000e+04
4.013400000e+04 6.310500000e+04
6.246300000e+04 4.647200000e+04
3.877000000e+04 6.043300000e+04
5.457600000e+04 4.137500000e+04
5.107900000e+04 4.290000000e+04
4.433000000e+04 3.866700000e+04
4.964300000e+04 4.190700000e+04
4.849800000e+04 5.241700000e+04
4.978600000e+04 4.847600000e+04
5.232400000e+04 5.483500000e+04
4.861300000e+04 4.695700000e+04
4.762400000e+04 5.241200000e+04
5.316500000e+04 4.559400000e+04
5.796400000e+04 6.009500000e+04
5.752000000e+04 5.252600000e+04
5.892200000e+04 7.182900000e+04
5.828100000e+04 5.558400000e+04
6.809800000e+04 6.790400000e+04
5.797300000e+04 5.165800000e+04
6.591700000e+04 6.739700000e+04
6.395700000e+04 6.092800000e+04
6.657100000e+04 6.588000000e+04
5.176400000e+04 4.866500000e+04
4.523100000e+04 5.385500000e+04
5.102700000e+04 4.904700000e+04
5.043900000e+04 4.812600000e+04
4.250900000e+04 4.431000000e+04
4.600700000e+04 4.336900000e+04
5.902700000e+04 6.532100000e+04
6.708400000e+04 6.337000000e+04
3.959200000e+04 4.442400000e+04
4.489000000e+04 4.385000000e+04
4.279500000e+04 4.966100000e+04
5.029100000e+04 4.455100000e+04
3.296500000e+04 4.213200000e+04
4.714100000e+04 3.836700000e+04
6.357900000e+04 6.048300000e+04
5.112300000e+04 6.335300000e+04
5.652600000e+04 4.658200000e+04
3.923600000e+04 4.648300000e+04
4.725300000e+04 4.752900000e+04
3.400400000e+04 4.624600000e+04
4.533200000e+04 4.449300000e+04
2.891900000e+04 4.154400000e+04
5.449100000e+04 7.048400000e+04
7.098200000e+04 6.793000000e+04
3.775000000e+04 5.834600000e+04
4.870700000e+04 5.396000000e+04
4.181700000e+04 5.899600000e+04
5.248700000e+04 5.240500000e+04
3.560800000e+04 5.278400000e+04
4.510900000e+04 4.450300000e+04
5.930000000e+04 7.158900000e+04
6.278900000e+04 7.777200000e+04
4.537500000e+04 5.317800000e+04
4.122500000e+04 5.240100000e+04
4.265500000e+04 5.260100000e+04
4.765600000e+04 5.585200000e+04
3.772400000e+04 3.756200000e+04
4.852100000e+04 5.366200000e+04
4.781500000e+04 7.756600000e+04
7.558000000e+04 5.829100000e+04
3.234800000e+04 5.905700000e+04
5.016900000e+04 3.460200000e+04
3.626700000e+04 6.049300000e+04
6.037900000e+04 4.663700000e+04
3.349300000e+04 5.675200000e+04
5.483000000e+04 3.613700000e+04
6.506600000e+04 5.733700000e+04
6.750500000e+04 6.761300000e+04
4.520700000e+04 4.469700000e+04
4.900400000e+04 5.049300000e+04
4.645300000e+04 4.489200000e+04
4.958900000e+04 3.879900000e+04
4.085800000e+04 3.929600000e+04
4.318400000e+04 4.197100000e+04
7.466400000e+04 6.424600000e+04
7.684500000e+04 9.334200000e+04
6.161100000e+04 5.142600000e+04
6.351100000e+04 6.527400000e+04
5.991900000e+04 5.250800000e+04
5.424000000e+04 6.369800000e+04
5.145300000e+04 5.010600000e+04
5.045400000e+04 5.674800000e+04
