3.445113078e-02
-1.128297076e-01
1.391333193e-01
-1.753037125e-01
3.295914233e-01
-4.206559807e-02
-1.801987439e-01
-5.080148205e-02
-1.155266315e-01
1.765008718e-01
-3.828745708e-02
-2.074408978e-01
1.478225589e-01
-1.584329307e-01
1.999956369e-01
-1.936575919e-01
4.034179747e-01
3.218947053e-01
5.927872285e-02
6.399310380e-02
-2.684850395e-01
1.924700476e-02
2.789195478e-01
1.881253868e-01
-1.079802513e-01
7.759422809e-02
2.624680637e-04
1.216931120e-01
1.820982248e-02
-5.761030689e-02
2.283924967e-01
1.708016247e-01
3.445113078e-02
-1.128297076e-01
1.391333193e-01
-1.753037125e-01
3.295914233e-01
-4.206559807e-02
-1.801987439e-01
-5.080148205e-02
-1.155266315e-01
1.765008718e-01
-3.828745708e-02
-2.074408978e-01
1.478225589e-01
-1.584329307e-01
1.999956369e-01
-1.936575919e-01
4.034179747e-01
3.218947053e-01
5.927872285e-02
6.399310380e-02
-2.684850395e-01
1.924700476e-02
2.789195478e-01
1.881253868e-01
-1.079802513e-01
7.759422809e-02
2.624680637e-04
1.216931120e-01
1.820982248e-02
-5.761030689e-02
2.283924967e-01
1.708016247e-01